# cline: mcl ./orthofinder/Results_Jul15/WorkingDirectory/OrthoFinder_graph.txt "-I" "1.5" "-o" "./orthofinder/Results_Jul15/WorkingDirectory/clusters_OrthoFinder_I1.5.txt" "-te" "8" "-V" "all"
(mclheader
mcltype matrix
dimensions 6070x959
)
(mclmatrix
begin
0    125 201 449 672 673 920 955 1091 1164 1340 1368 1572 1708 1824
       1912 2042 2166 2285 2408 2529 2650 2777 2907 3050 3154 3280
       3400 3529 3650 3774 3895 4021 4160 4267 4436 4532 4654 4760
       4884 5011 5134 5255 5376 5496 5615 5815 5820 5841 6019 $
1    43 230 477 768 934 1137 1239 1440 1551 1687 1803 1933 2017 2141
       2263 2384 2507 2627 2750 2881 3024 3130 3253 3378 3503 3627
       3748 3871 3999 4183 4245 4379 4554 4676 4737 4860 4985 5112
       5232 5352 5353 5472 5473 5592 5726 5922 5992 $
2    79 226 430 779 850 1059 1212 1272 1317 1396 1552 1688 1804 1932
       2018 2142 2264 2385 2508 2628 2751 2882 3025 3131 3254 3379
       3504 3628 3749 3872 4000 4182 4246 4378 4553 4675 4738 4861
       4986 5113 5233 5354 5474 5593 5725 5884 6005 $
3    4 284 522 627 950 1047 1329 1437 1558 1694 1810 1926 2025 2149
       2271 2392 2515 2635 2758 2759 2889 3031 3138 3261 3386 3511
       3635 3756 3879 4006 4175 4252 4372 4547 4668 4744 4868 4993
       5119 5240 5361 5481 5600 5719 5888 6057 $
4    42 236 708 816 1092 1320 1362 1531 1667 1782 1952 2123 2246 2365
       2489 2610 2732 2864 2987 3005 3234 3359 3484 3608 3729 3853
       3981 3982 4104 4202 4348 4397 4572 4695 4841 4966 5094 5214
       5333 5453 5573 5695 5767 5859 5997 5998 $
5    52 248 385 569 790 963 1161 1243 1451 1523 1659 1774 1960 2102
       2227 2342 2469 2589 2711 2841 2965 3107 3212 3337 3461 3586
       3707 3831 3958 4082 4224 4326 4476 4594 4717 4819 4944 5072
       5192 5312 5432 5552 5672 5749 5833 5944 $
6    66 200 583 646 966 967 1177 1322 1469 1569 1705 1821 1915 2041
       2165 2284 2407 2528 2649 2776 2906 3049 3153 3279 3399 3528
       3649 3773 3894 4020 4161 4266 4437 4533 4655 4759 4883 5010
       5133 5254 5375 5495 5614 5814 5926 6013 $
7    71 182 375 626 912 1144 1358 1454 1586 1722 1839 1898 2088 2213
       2328 2455 2575 2697 2826 2827 2951 3093 3198 3324 3447 3572
       3693 3817 3943 4068 4116 4312 4448 4486 4608 4805 4930 5058
       5178 5298 5418 5538 5658 5785 5873 5979 $
8    113 279 465 691 944 1188 1325 1385 1530 1666 1781 1953 2124 2247
       2367 2490 2611 2733 2865 2989 3007 3236 3361 3486 3610 3731
       3855 3984 3985 4106 4200 4350 4396 4570 4693 4843 4968 5095
       5216 5335 5455 5575 5697 5823 5923 6069 $
9    124 242 591 770 1012 1141 1287 1417 1527 1663 1778 1956 2107 2230
       2348 2473 2594 2715 2846 2970 3113 3217 3342 3467 3591 3712
       3836 3963 3964 4087 4219 4331 4471 4589 4712 4824 4949 5078
       5197 5317 5437 5557 5678 5743 5845 6028 $
10   1473 1481 1601 1608 1616 1737 1855 1861 1863 1864 1872 1883 2001
       2009 2089 2214 2329 2456 2576 2698 2828 2952 3094 3199 3325
       3448 3573 3694 3818 3944 4069 4238 4313 4447 4607 4730 4806
       4931 5059 5179 5299 5419 5539 5659 5784 5827 $
11   11 320 527 722 988 1149 1313 1370 1517 1653 1768 1966 2098 2223
       2338 2465 2585 2707 2837 2961 3103 3208 3333 3457 3582 3703
       3827 3953 4078 4229 4322 4480 4598 4721 4815 4940 5068 5188
       5308 5428 5548 5668 5753 5925 6014 $
12   22 332 529 687 1004 1201 1229 1374 1479 1614 1870 2003 2047 2171
       2290 2413 2534 2655 2782 2912 3055 3159 3285 3405 3534 3655
       3779 3900 4026 4155 4272 4431 4527 4649 4765 4889 5016 5139
       5260 5381 5501 5620 5790 5892 5993 $
13   24 160 388 733 902 1093 1267 1429 1534 1670 1785 1949 2118 2241
       2360 2484 2605 2727 2859 2982 3000 3229 3354 3479 3603 3724
       3848 3976 4099 4207 4343 4402 4577 4700 4836 4961 5089 5209
       5328 5448 5568 5690 5772 5854 5975 $
14   45 251 383 662 870 1074 1338 1434 1518 1654 1769 1965 2099 2224
       2339 2466 2586 2708 2838 2962 3104 3209 3334 3458 3583 3704
       3828 3954 4079 4228 4323 4479 4597 4720 4816 4941 5069 5189
       5309 5429 5549 5669 5752 5913 6001 $
15   46 237 523 706 822 1168 1284 1459 1483 1618 1874 1999 2043 2167
       2286 2409 2530 2651 2778 2908 3051 3155 3281 3401 3530 3651
       3775 3896 4022 4159 4268 4435 4531 4653 4761 4885 5012 5135
       5256 5377 5497 5616 5821 5914 6002 $
16   53 158 535 728 792 1023 1344 1432 1566 1702 1818 1918 2033 2156
       2277 2398 2521 2643 2766 2897 3038 3145 3268 3392 3518 3642
       3763 3885 4014 4168 4259 4364 4540 4661 4751 4875 5000 5126
       5247 5368 5488 5607 5711 5891 6038 $
17   59 224 478 649 808 1035 1223 1365 1509 1645 1760 1974 2068 2192
       2311 2434 2554 2677 2804 2933 3075 3180 3306 3427 3554 3675
       3799 3922 4048 4134 4294 4409 4505 4627 4787 4912 5037 5160
       5281 5402 5522 5641 5803 5853 5976 $
18   73 295 537 738 899 1038 1286 1391 1529 1665 1780 1954 2132 2254
       2375 2498 2618 2741 2872 2997 3015 3244 3369 3494 3618 3739
       3863 3990 4113 4192 4358 4388 4562 4685 4851 4976 5103 5223
       5343 5463 5583 5705 5778 5847 6042 $
19   91 275 538 765 1008 1018 1265 1430 1598 1734 1852 1886 2074 2199
       2316 2441 2561 2684 2811 2939 3081 3186 3312 3434 3560 3681
       3805 3929 4055 4128 4300 4460 4498 4620 4793 4918 5043 5166
       5288 5408 5528 5647 5734 5842 5981 $
20   94 215 470 625 943 1058 1262 1471 1603 1739 1857 1881 2133 2255
       2376 2499 2619 2742 2873 2998 3016 3245 3370 3495 3619 3740
       3864 3991 4114 4191 4359 4387 4561 4684 4852 4977 5104 5224
       5344 5464 5584 5706 5779 5852 5963 $
21   122 315 575 651 864 1075 1251 1433 1482 1617 1873 2000 2045 2169
       2288 2411 2532 2653 2780 2910 3053 3157 3283 3403 3532 3653
       3777 3898 4024 4157 4270 4433 4529 4651 4763 4887 5014 5137
       5258 5379 5499 5618 5792 5918 5987 $
22   123 254 431 732 832 1170 1305 1404 1594 1730 1847 1890 2015 2139
       2261 2382 2505 2625 2748 2879 3022 3128 3251 3376 3501 3625
       3746 3869 3997 4185 4243 4381 4555 4678 4735 4858 4983 5110
       5230 5350 5470 5590 5728 5869 5982 $
23   30 174 452 787 824 1166 1293 1415 1494 1630 1745 1989 2056 2180
       2299 2422 2543 2664 2792 2921 3064 3168 3294 3414 3543 3664
       3788 4035 4146 4281 4422 4518 4640 4774 4899 5024 5148 5269
       5390 5510 5629 5759 5920 5990 $
24   93 219 484 852 1180 1240 1376 1544 1680 1796 1940 2038 2162 2281
       2404 2646 2903 3046 3150 3276 3396 3525 3646 3770 3891 4017
       4164 4263 4440 4535 4658 4756 4880 5007 5130 5252 5372 5493
       5612 5811 5898 5970 $
25   92 204 947 1063 1583 1719 1835 1836 1901 2075 2200 2317 2442 2562
       2685 2812 2940 3082 3187 3313 3435 3561 3682 3806 3930 3931
       4056 4127 4301 4459 4497 4794 4919 5044 5167 5289 5409 5529
       5648 5735 $
26   655 1342 1363 1533 1669 1784 1950 2121 2244 2363 2487 2608 2730
       2862 2985 3003 3232 3357 3482 3606 3727 3851 3979 4102 4204
       4346 4399 4574 4697 4839 4964 5092 5212 5331 5451 5571 5693
       5769 5917 5988 $
27   1253 1419 1520 1656 1771 1963 2100 2225 2340 2467 2587 2709 2839
       2963 3105 3210 3335 3459 3584 3705 3829 3955 4080 4227 4324
       4478 4596 4719 4817 4942 5070 5190 5310 5430 5550 5670 5751
       5880 5950 $
28   1270 1364 1497 1633 1748 1986 2059 2183 2302 2425 2546 2667 2795
       2924 3067 3171 3297 3417 3546 3667 3791 3912 4038 4143 4284
       4419 4515 4637 4777 4902 5027 5151 5272 5393 5513 5632 5794
       5916 $
29   1512 1648 1763 1971 2072 2197 2314 2439 2559 2682 2809 2937 3079
       3184 3310 3431 3432 3558 3679 3803 3927 4053 4130 4298 4405
       4462 4500 4622 4791 4916 5041 5164 5286 5406 5526 5645 5732 $
30   918 1361 1596 1732 1849 1888 2016 2140 2262 2383 2506 2626 2749
       2880 3023 3129 3252 3377 3502 3626 3747 3870 3998 4184 4244
       4380 4677 4736 4859 4984 5111 5231 5351 5471 5591 5727 $
31   1521 1657 1772 1962 2101 2226 2341 2468 2588 2710 2840 2964 3106
       3211 3336 3460 3585 3706 3830 3956 4081 4225 4226 4325 4477
       4595 4718 4818 4943 5071 5191 5311 5431 5551 5671 5750 $
32   1577 1713 1829 1907 2011 2135 2257 2378 2501 2621 2744 2875 3018
       3124 3247 3372 3497 3621 3742 3866 3993 4188 4239 4385 4559
       4682 4731 4854 4979 5106 5226 5346 5466 5586 5781 5932 $
33   1579 1715 1831 1905 2134 2256 2377 2500 2620 2743 2874 2999 3017
       3246 3371 3496 3620 3741 3865 3992 4115 4189 4190 4360 4386
       4560 4683 4853 4978 5105 5225 5345 5465 5585 5707 5780 $
34   1588 1724 1841 1896 2093 2217 2333 2459 2579 2702 2832 2956 3098
       3203 3328 3452 3577 3698 3822 3948 4073 4234 4317 4444 4485
       4603 4726 4810 4935 5063 5183 5303 5423 5543 5663 5831 $
35   629 1510 1646 1761 1973 2069 2193 2435 2555 2678 2805 2934 3076
       3181 3307 3428 3555 3676 3800 3923 4049 4133 4295 4408 4504
       4626 4788 4913 5038 5161 5282 5403 5523 5642 5729 $
36   1472 1607 1862 2010 2128 2251 2371 2494 2615 2737 2870 2993 3011
       3240 3365 3490 3614 3735 3859 3989 4110 4196 4354 4392 4566
       4689 4847 4972 5099 5220 5339 5459 5579 5701 5774 $
37   1476 1611 1867 2006 2095 2219 2335 2461 2581 2704 2834 2958 3100
       3205 3330 3454 3579 3700 3824 3950 4075 4232 4319 4483 4601
       4724 4812 4937 5065 5185 5305 5425 5545 5665 5756 $
38   1484 1619 1875 1998 2048 2172 2291 2414 2535 2656 2783 2913 3056
       3160 3286 3406 3535 3656 3780 3901 4027 4154 4273 4430 4526
       4648 4766 4890 5017 5140 5261 5382 5502 5621 5789 $
39   1501 1637 1752 1982 2060 2184 2303 2426 2547 2669 2796 2925 3068
       3172 3298 3419 3547 3668 3792 3914 4040 4142 4286 4417 4513
       4635 4779 4904 5029 5152 5273 5394 5514 5633 5795 $
40   1502 1638 1753 1981 2061 2185 2304 2427 2548 2670 2797 2926 3069
       3173 3299 3420 3548 3669 3793 3915 4041 4141 4287 4416 4512
       4634 4780 4905 5030 5153 5274 5395 5515 5634 5796 $
41   1507 1643 1758 1976 2066 2190 2309 2432 2552 2675 2802 2931 3073
       3178 3304 3425 3552 3673 3797 3920 4046 4136 4292 4411 4507
       4629 4785 4910 5035 5158 5279 5400 5520 5639 5801 $
42   1508 1644 1759 1975 2067 2191 2310 2433 2553 2676 2803 2932 3074
       3179 3305 3426 3553 3674 3798 3921 4047 4135 4293 4410 4506
       4628 4786 4911 5036 5159 5280 5401 5521 5640 5802 $
43   1511 1647 1762 1972 2071 2196 2313 2438 2558 2681 2808 2936 3078
       3183 3309 3430 3557 3678 3802 3926 4052 4131 4297 4406 4501
       4623 4790 4915 5040 5163 5285 5405 5525 5644 5731 $
44   1522 1658 1773 1961 2070 2195 2312 2437 2557 2680 2806 2935 3077
       3182 3308 3429 3556 3677 3801 3924 4050 4132 4296 4407 4503
       4624 4789 4914 5039 5162 5284 5404 5524 5643 5730 $
45   1526 1662 1777 1957 2106 2229 2347 2472 2593 2714 2845 2969 3112
       3216 3341 3466 3590 3711 3835 3962 4086 4220 4330 4472 4590
       4713 4823 4948 5077 5196 5316 5436 5556 5677 5744 $
46   1528 1664 1779 1955 2126 2249 2369 2492 2613 2735 2868 2991 3009
       3238 3363 3488 3612 3733 3857 3987 4108 4198 4352 4394 4568
       4691 4845 4970 5097 5218 5337 5457 5577 5699 5826 $
47   1532 1668 1783 1951 2122 2245 2364 2488 2609 2731 2863 2986 3004
       3233 3358 3483 3607 3728 3852 3980 4103 4203 4347 4398 4573
       4696 4840 4965 5093 5213 5332 5452 5572 5694 5768 $
48   1557 1693 1809 1927 2023 2147 2269 2390 2513 2633 2756 2887 3029
       3136 3259 3384 3509 3633 3754 3877 4004 4177 4250 4374 4549
       4670 4742 4866 4991 5117 5238 5359 5479 5598 5721 $
49   1560 1696 1812 1924 2035 2158 2279 2400 2523 2645 2768 2899 3040
       3147 3270 3394 3520 3644 3765 3887 4016 4166 4261 4362 4538
       4659 4753 4877 5002 5128 5249 5370 5490 5609 5709 $
50   1562 1698 1814 1922 2029 2153 2275 2396 2519 2639 2762 2893 3035
       3142 3265 3390 3515 3639 3760 3883 4010 4171 4256 4368 4543
       4664 4748 4872 4997 5123 5244 5365 5485 5604 5714 $
51   1563 1699 1815 1921 2030 2154 2276 2397 2520 2640 2763 2894 3036
       3143 3266 3391 3516 3640 3761 3884 4011 4170 4257 4367 4542
       4663 4749 4873 4998 5124 5245 5366 5486 5605 5713 $
52   1567 1703 1819 1917 2034 2157 2278 2399 2522 2644 2767 2898 3039
       3146 3269 3393 3519 3643 3764 3886 4015 4167 4260 4363 4539
       4660 4752 4876 5001 5127 5248 5369 5489 5608 5710 $
53   1574 1710 1826 1910 2111 2234 2352 2477 2598 2719 2850 2974 3117
       3221 3346 3471 3595 3716 3840 3968 4091 4215 4335 4467 4585
       4708 4828 4953 5082 5201 5321 5441 5561 5682 5819 $
54   1575 1711 1827 1909 2108 2231 2349 2474 2595 2716 2847 2971 3114
       3218 3343 3468 3592 3713 3837 3965 4088 4218 4332 4470 4588
       4711 4825 4950 5079 5198 5318 5438 5558 5679 5742 $
55   1587 1723 1840 1897 2090 2215 2330 2457 2577 2699 2829 2953 3095
       3200 3326 3449 3574 3695 3819 3945 4070 4237 4314 4446 4606
       4729 4807 4932 5060 5180 5300 5420 5540 5660 5828 $
56   1589 1725 1842 1895 2094 2218 2334 2460 2580 2703 2833 2957 3099
       3204 3329 3453 3578 3699 3823 3949 4074 4233 4318 4484 4602
       4725 4811 4936 5064 5184 5304 5424 5544 5664 5830 $
57   1602 1738 1856 1882 2024 2148 2270 2391 2514 2634 2757 2888 3030
       3137 3260 3385 3510 3634 3755 3878 4005 4176 4251 4373 4548
       4669 4743 4867 4992 5118 5239 5360 5480 5599 5720 $
58   1604 1740 1858 1880 2044 2168 2287 2410 2531 2652 2779 2909 3052
       3156 3282 3402 3531 3652 3776 3897 4023 4158 4269 4434 4530
       4652 4762 4886 5013 5136 5257 5378 5498 5617 5822 $
59   1524 1660 1775 1959 2103 2343 2470 2590 2712 2842 2966 3108 3213
       3338 3462 3587 3708 3832 3959 4083 4223 4327 4475 4593 4716
       4820 4945 5073 5193 5313 5433 5553 5673 5748 $
60   1554 1690 1806 1930 2020 2144 2266 2387 2510 2630 2753 2884 3027
       3133 3256 3381 3506 3630 3751 3874 4002 4180 4248 4376 4551
       4673 4740 4863 4988 5115 5356 5476 5595 5723 $
61   1561 1697 1813 1923 2028 2152 2274 2395 2518 2638 2892 3034 3141
       3264 3389 3514 3638 3759 3882 4009 4172 4255 4369 4544 4665
       4747 4871 4996 5122 5243 5364 5484 5603 5715 $
62   1576 1712 1828 1908 2012 2136 2258 2379 2502 2622 2745 2876 3019
       3125 3248 3373 3498 3622 3743 3994 4187 4240 4384 4558 4681
       4732 4855 4980 5107 5227 5347 5467 5587 5782 $
63   2083 2208 2325 2450 2570 2692 2817 2818 2823 2948 3090 3195 3321
       3443 3569 3690 3814 3940 4064 4119 4309 4451 4489 4612 4802
       4927 5053 5175 5295 5415 5535 5655 5788 $
64   337 2077 2203 2320 2445 2565 2687 2815 2943 3085 3190 3316 3438
       3564 3685 3809 3934 4058 4124 4304 4456 4494 4617 4797 4922
       5047 5170 5291 5411 5531 5650 5738 $
65   747 2110 2233 2351 2476 2597 2718 2849 2973 3116 3220 3345 3470
       3594 3715 3839 3967 4090 4216 4334 4468 4586 4709 4827 4952
       5081 5200 5320 5440 5560 5681 5740 $
66   2027 2151 2273 2394 2517 2637 2761 2866 2891 3033 3140 3263 3388
       3513 3637 3758 3881 4008 4173 4254 4370 4545 4666 4746 4870
       4995 5121 5242 5363 5483 5602 5717 $
67   2050 2174 2293 2416 2537 2658 2785 2915 3058 3162 3288 3408 3537
       3658 3782 3903 4029 4152 4275 4428 4524 4646 4768 4892 4893
       5019 5142 5263 5384 5504 5623 5765 $
68   2054 2178 2297 2420 2541 2662 2789 2790 2919 3062 3166 3292 3412
       3541 3662 3786 3908 4033 4148 4279 4424 4520 4642 4772 4897
       5022 5146 5267 5388 5508 5627 5761 $
69   2058 2182 2301 2424 2545 2666 2794 2923 3066 3170 3296 3416 3545
       3666 3790 3911 4037 4144 4283 4420 4516 4638 4776 4901 5026
       5150 5271 5392 5512 5631 5757 5793 $
70   2112 2235 2353 2478 2599 2720 2853 2854 2975 3118 3222 3347 3472
       3596 3717 3841 3969 4092 4214 4336 4466 4584 4707 4829 4954
       5083 5202 5322 5442 5562 5683 5818 $
71   2125 2248 2368 2491 2612 2734 2867 2990 3008 3237 3362 3487 3611
       3732 3856 3986 4107 4199 4351 4395 4569 4692 4844 4969 5096
       5217 5336 5456 5576 5698 5824 5825 $
72   1516 1652 1767 1967 2130 2252 2373 2496 2616 2739 2995 3013 3242
       3367 3492 3616 3737 3861 4194 4356 4390 4564 4687 4849 4974
       5101 5341 5461 5581 5703 5776 $
73   2019 2143 2265 2386 2509 2629 2752 2883 3026 3132 3255 3380 3505
       3629 3750 3873 4001 4181 4247 4377 4552 4674 4739 4862 4987
       5114 5234 5355 5475 5594 5724 $
74   2022 2146 2267 2389 2512 2632 2755 2886 3028 3135 3258 3382 3508
       3632 3753 3876 4003 4178 4249 4375 4550 4671 4741 4865 4990
       5116 5237 5358 5478 5597 5722 $
75   2026 2150 2272 2393 2516 2636 2760 2890 3032 3139 3262 3387 3512
       3636 3757 3880 4007 4174 4253 4371 4546 4667 4745 4869 4994
       5120 5241 5362 5482 5601 5718 $
76   2046 2170 2289 2412 2533 2654 2781 2911 3054 3158 3284 3404 3533
       3654 3778 3899 4025 4156 4271 4432 4528 4650 4764 4888 5015
       5138 5259 5380 5500 5619 5791 $
77   2049 2173 2292 2415 2536 2657 2784 2914 3057 3161 3287 3407 3536
       3657 3781 3902 4028 4153 4274 4429 4525 4647 4767 4891 5018
       5141 5262 5383 5503 5622 5766 $
78   2052 2176 2295 2418 2539 2660 2787 2917 3060 3164 3290 3410 3539
       3660 3784 3905 4031 4150 4277 4426 4522 4644 4770 4895 5020
       5144 5265 5386 5506 5625 5763 $
79   2053 2177 2296 2419 2540 2661 2788 2918 3061 3165 3291 3411 3540
       3661 3785 3907 4032 4149 4278 4425 4521 4643 4771 4896 5021
       5145 5266 5387 5507 5626 5762 $
80   2057 2181 2300 2423 2544 2665 2793 2922 3065 3169 3295 3415 3544
       3665 3789 3910 4036 4145 4282 4421 4517 4639 4775 4900 5025
       5149 5270 5391 5511 5630 5758 $
81   2062 2186 2305 2428 2549 2671 2798 2927 3070 3174 3300 3421 3549
       3670 3794 3916 4042 4140 4288 4415 4511 4633 4781 4906 5031
       5154 5275 5396 5516 5635 5797 $
82   2063 2187 2306 2429 2550 2672 2799 2928 3071 3175 3301 3422 3550
       3671 3795 3917 4043 4139 4289 4414 4510 4632 4782 4907 5032
       5155 5276 5397 5517 5636 5798 $
83   2064 2188 2307 2430 2551 2673 2800 2929 3072 3176 3302 3423 3551
       3672 3796 3918 4044 4138 4290 4413 4509 4631 4783 4908 5033
       5156 5277 5398 5518 5637 5799 $
84   2073 2198 2315 2440 2560 2683 2810 2938 3080 3185 3311 3433 3559
       3680 3804 3928 4054 4129 4299 4461 4499 4621 4792 4917 5042
       5165 5287 5407 5527 5646 5733 $
85   2076 2201 2318 2443 2563 2686 2813 2941 3083 3188 3314 3436 3562
       3683 3807 3932 4057 4126 4302 4458 4496 4619 4795 4920 5045
       5168 5290 5410 5530 5649 5736 $
86   2079 2204 2321 2446 2566 2688 2816 2944 3086 3191 3317 3439 3565
       3686 3810 3935 4059 4123 4305 4455 4493 4616 4798 4923 5049
       5171 5292 5412 5532 5651 5806 $
87   2080 2205 2322 2447 2567 2689 2819 2945 3087 3192 3318 3440 3566
       3687 3811 3936 4060 4122 4306 4454 4492 4615 4799 4924 5050
       5172 5293 5413 5533 5652 5807 $
88   2085 2210 2326 2452 2572 2694 2824 2949 3091 3196 3322 3444 3570
       3691 3815 3941 4065 4118 4310 4450 4488 4611 4803 4928 5055
       5176 5296 5416 5536 5656 5787 $
89   2086 2211 2327 2453 2573 2695 2825 2950 3092 3197 3323 3445 3571
       3692 3816 3942 4066 4117 4311 4449 4487 4610 4804 4929 5056
       5177 5297 5417 5537 5657 5786 $
90   2096 2221 2336 2463 2583 2705 2835 2959 3101 3206 3331 3455 3580
       3701 3825 3951 4076 4231 4320 4482 4600 4723 4813 4938 5066
       5186 5306 5426 5546 5666 5755 $
91   2097 2222 2337 2464 2584 2706 2836 2960 3102 3207 3332 3456 3581
       3702 3826 3952 4077 4230 4321 4481 4599 4722 4814 4939 5067
       5187 5307 5427 5547 5667 5754 $
92   2109 2232 2350 2475 2596 2717 2848 2972 3115 3219 3344 3469 3593
       3714 3838 3966 4089 4217 4333 4469 4587 4710 4826 4951 5080
       5199 5319 5439 5559 5680 5741 $
93   2113 2236 2354 2479 2600 2721 2855 2976 3119 3223 3348 3473 3597
       3718 3842 3970 4093 4213 4337 4465 4583 4706 4830 4955 5084
       5203 5323 5443 5563 5684 5817 $
94   2116 2239 2358 2482 2603 2725 2857 2980 3123 3227 3352 3477 3601
       3722 3846 3974 4097 4209 4341 4404 4579 4702 4834 4959 5087
       5207 5326 5446 5566 5688 5805 $
95   2119 2242 2361 2485 2606 2728 2860 2983 3001 3230 3355 3480 3604
       3725 3849 3977 4100 4206 4344 4401 4576 4699 4837 4962 5090
       5210 5329 5449 5569 5691 5771 $
96   2120 2243 2362 2486 2607 2729 2861 2984 3002 3231 3356 3481 3605
       3726 3850 3978 4101 4205 4345 4400 4575 4698 4838 4963 5091
       5211 5330 5450 5570 5692 5770 $
97   2013 2137 2259 2380 2503 2623 2746 2877 3020 3126 3249 3374 3499
       3623 3744 3867 3995 4241 4383 4557 4680 4733 4856 4981 5108
       5228 5348 5468 5588 5783 $
98   2014 2138 2260 2381 2504 2624 2747 2878 3021 3127 3250 3375 3500
       3624 3745 3868 3996 4186 4242 4382 4556 4679 4734 4857 4982
       5109 5229 5349 5469 5589 $
99   2051 2175 2294 2417 2538 2659 2786 2916 3059 3163 3289 3409 3538
       3659 3783 3904 4030 4151 4276 4427 4523 4645 4769 4894 5143
       5264 5385 5505 5624 5764 $
100  2055 2179 2298 2421 2542 2663 2791 2920 3063 3167 3293 3413 3542
       3663 3787 4034 4147 4280 4423 4519 4641 4773 4898 5023 5147
       5268 5389 5509 5628 5760 $
101  2081 2206 2323 2448 2568 2690 2820 2946 3088 3193 3319 3441 3567
       3688 3812 3938 4062 4121 4307 4453 4491 4614 4800 4925 5051
       5173 5414 5534 5653 5808 $
102  2091 2216 2331 2458 2578 2700 2830 2954 3096 3201 3450 3575 3696
       3820 3946 4071 4236 4315 4445 4605 4728 4808 4933 5061 5181
       5301 5421 5541 5661 5829 $
103  2114 2237 2355 2480 2601 2722 2977 3120 3224 3349 3474 3598 3719
       3843 3971 4094 4212 4338 4464 4582 4705 4831 4956 5085 5204
       5324 5444 5564 5685 5816 $
104  2117 2240 2359 2483 2604 2726 2858 2981 3228 3353 3478 3602 3723
       3847 3975 4098 4208 4342 4403 4578 4701 4835 4960 5088 5208
       5327 5447 5567 5689 5773 $
105  2127 2250 2370 2493 2614 2736 2869 2992 3010 3239 3364 3489 3613
       3734 3858 3988 4109 4197 4353 4393 4567 4690 4846 4971 5098
       5219 5338 5458 5578 5700 $
106  2040 2164 2283 2406 2527 2648 2775 2905 3048 3152 3278 3398 3527
       3648 3772 3893 4019 4162 4265 4438 4656 4758 4882 5009 5132
       5253 5374 5494 5813 $
107  2115 2238 2356 2481 2602 2723 2978 3121 3225 3350 3475 3599 3720
       3844 3972 4095 4211 4339 4463 4581 4704 4832 4957 5086 5205
       5325 5445 5565 5686 $
108  2131 2253 2374 2497 2617 2740 2996 3014 3243 3368 3493 3617 3738
       3862 4112 4193 4357 4389 4563 4686 4850 4975 5102 5222 5342
       5462 5582 5704 5777 $
109  2082 2207 2324 2449 2569 2691 2822 2947 3089 3194 3320 3442 3568
       3689 3813 3939 4063 4120 4308 4452 4490 4613 4801 4926 5052
       5174 5654 5809 $
110  2105 2346 2592 2844 2968 3111 3215 3340 3465 3589 3710 3834 3961
       4085 4221 4329 4473 4591 4714 4822 4947 5076 5195 5315 5435
       5555 5676 5745 $
111  2129 2372 2495 2738 2871 2994 3012 3241 3366 3491 3615 3736 3860
       4111 4195 4355 4391 4565 4688 4848 4973 5100 5221 5340 5460
       5580 5702 5775 $
112  2092 2332 2701 2831 2955 3097 3202 3327 3451 3576 3697 3821 3947
       4072 4235 4316 4604 4727 4809 4934 5062 5182 5302 5422 5542
       5662 5837 $
113  103 243 302 652 661 712 868 929 939 1181 1182 1228 1237 1310 1323
       1328 1336 1341 1366 1403 1408 1411 1412 1449 5851 5964 $
114  1565 1701 1817 1919 2032 2155 2642 2765 2896 3037 3144 3267 3517
       3641 3762 4013 4169 4365 4541 4662 4750 4874 4999 5246 5606
       5712 $
115  1506 1642 1757 1977 2065 2189 2308 2431 2674 3424 3919 4045 4137
       4291 4412 4508 4630 4784 4909 5034 5157 5278 5399 5519 5638 $
116  1555 1691 1807 1929 2021 2145 2388 2511 2631 2754 2885 3134 3257
       3507 3631 3752 3875 4179 4672 4864 4989 5236 5357 5477 5596 $
117  1525 1661 1776 1958 2104 2228 2471 2591 2713 2843 2967 3339 3588
       3709 3833 3960 4084 4222 4592 4715 4821 5314 5434 5554 $
118  2202 2319 2444 2564 2814 2942 3084 3189 3315 3437 3563 3684 3808
       3933 4125 4303 4457 4495 4618 4796 4921 5046 5169 5737 $
119  84 139 197 214 264 274 300 327 329 825 887 893 921 949 975 997
       999 1019 1078 1106 1107 1121 1185 $
120  2357 2724 2856 2979 3122 3226 3351 3476 3600 3721 3845 3973 4096
       4210 4340 4580 4703 4833 4958 5206 5687 5804 $
121  2366 2988 3006 3235 3360 3485 3609 3730 3854 3983 4105 4201 4349
       4571 4694 4842 4967 5215 5334 5454 5574 5696 $
122  273 639 640 645 654 670 671 686 707 715 716 717 718 719 720 730
       744 761 974 1017 1077 $
123  19 48 90 114 164 287 304 331 533 820 938 989 1009 1133 1190 1207 $
124  2037 2161 2403 2771 3044 3274 3524 3769 3889 4443 5006 5251 5492
       5611 $
125  2904 3047 3151 3277 3526 3647 3771 4163 4534 4757 4881 5613 5812 $
126  0 29 83 118 126 134 150 157 216 238 276 1100 $
127  1474 1475 1542 1609 1610 1678 1794 1865 1866 1942 2007 2008 $
128  2524 2901 3148 3645 3888 4165 4536 4755 4879 5371 5491 5708 $
129  360 361 362 363 365 366 367 369 587 588 589 $
130  1298 1546 1682 1798 1938 2084 2209 2451 2571 2693 5054 $
131  2344 3109 3214 3463 4328 4474 4946 5074 5194 5674 5747 $
132  2668 3418 3913 4039 4285 4418 4514 4636 4778 4903 5028 $
133  6 221 532 643 805 1169 1222 1377 5910 6030 $
134  85 292 392 618 1010 1138 1331 1453 5832 6026 $
135  161 848 849 884 885 990 992 1007 1101 1142 $
136  343 344 345 399 400 403 404 405 407 590 $
137  47 289 586 896 1043 1321 1461 5870 5984 $
138  64 210 398 667 972 1112 1174 1353 1384 $
139  107 313 914 1113 1221 1540 1676 1791 1944 $
140  648 684 685 725 726 727 752 753 754 $
141  1238 1537 1592 1673 1728 1788 1845 1892 1947 $
142  1478 1485 1613 1620 1869 1876 1877 1997 2004 $
143  1480 1541 1615 1677 1792 1871 1943 2002 5974 $
144  2031 2641 2764 2895 4012 4258 4366 5125 5487 $
145  2087 2212 2454 2574 2696 3446 4067 4609 5057 $
146  2525 2772 2902 3045 3149 3275 3890 4441 5810 $
147  2769 2900 3041 3271 3521 3766 4537 4754 4878 $
148  68 183 468 777 851 1084 5885 6060 $
149  171 184 249 261 310 875 960 1197 $
150  1226 1446 1606 1742 1860 1878 5883 5930 $
151  2160 2402 2770 3043 3273 3523 3768 5005 $
152  26 181 676 1219 1379 5875 5946 $
153  65 152 253 271 862 953 1194 $
154  105 193 690 959 1195 1351 1373 $
155  111 245 546 802 971 1102 1157 $
156  117 263 758 941 1204 5894 5972 $
157  176 256 257 286 942 1082 1111 $
158  417 418 419 420 421 422 423 $
159  663 665 734 735 773 774 775 $
160  682 772 863 1294 1416 5906 6053 $
161  1227 1312 1448 1571 1707 1823 1913 $
162  5931 6006 6007 6008 6009 6010 6054 $
163  5953 5954 5955 5957 5958 5960 5961 $
164  5 104 188 318 860 1193 $
165  8 191 1308 1409 5860 6067 $
166  16 328 1244 1427 5857 5933 $
167  74 196 448 931 1079 1080 $
168  100 301 697 1117 5835 5942 $
169  101 291 451 757 847 1068 $
170  102 239 530 778 840 1099 $
171  116 262 475 620 886 1088 $
172  120 334 447 721 836 1108 $
173  127 326 547 683 911 1103 $
174  149 203 519 771 858 1191 $
175  187 907 1061 1090 1095 1159 $
176  424 425 560 603 604 605 $
177  705 724 1246 1452 5864 5939 $
178  714 1129 1584 1720 1837 1900 $
179  804 1021 1585 1721 1838 1899 $
180  1254 1263 1283 1369 1418 1420 $
181  2282 3397 3892 4018 4264 5131 $
182  2345 3110 3464 5075 5675 5746 $
183  3042 3272 3522 3767 5250 5610 $
184  7 186 455 800 1196 $
185  9 192 498 826 1189 $
186  13 322 653 1003 1029 $
187  62 288 531 810 1134 $
188  69 213 788 951 1160 $
189  72 189 668 677 1116 $
190  76 207 395 861 1163 $
191  78 255 681 985 1173 $
192  98 177 178 839 1098 $
193  99 260 641 838 1097 $
194  112 278 441 940 1205 $
195  115 285 745 811 1015 $
196  132 267 638 930 1016 $
197  133 277 631 984 1148 $
198  136 296 815 1261 1466 $
199  138 303 559 834 1158 $
200  140 306 695 891 1027 $
201  145 280 660 983 1162 $
202  147 282 741 796 1209 $
203  151 179 659 876 1124 $
204  359 1590 1726 1843 1894 $
205  622 1260 1467 5893 5994 $
206  632 924 927 933 1186 $
207  853 913 1013 1153 1154 $
208  1346 1519 1655 1770 1964 $
209  1545 1681 1797 1939 5838 $
210  2194 2436 2556 4625 5283 $
211  2280 3395 4262 4442 5129 $
212  2801 2930 3177 3303 5800 $
213  6004 6034 6035 6036 6037 $
214  28 175 568 1086 $
215  34 170 986 1172 $
216  44 231 935 1136 $
217  56 220 979 1054 $
218  61 270 803 1187 $
219  81 317 978 1056 $
220  89 244 958 1147 $
221  97 180 995 1119 $
222  106 194 813 1215 $
223  108 218 865 1076 $
224  129 165 1002 1030 $
225  135 259 915 1132 $
226  153 312 812 1216 $
227  154 198 831 1171 $
228  258 387 1006 1020 $
229  489 491 493 496 $
230  563 565 567 584 $
231  678 1356 1443 5985 $
232  799 874 991 1036 $
233  856 906 968 1024 $
234  1224 1382 5919 5989 $
235  1242 1470 5927 6022 $
236  1269 1280 1319 1463 $
237  1315 1393 5904 6055 $
238  1326 1386 5882 5951 $
239  1352 1383 5846 6043 $
240  1477 1612 1868 2005 $
241  1492 1628 1743 1990 $
242  1495 1631 1746 1988 $
243  1496 1632 1747 1987 $
244  1498 1634 1749 1985 $
245  1499 1635 1750 1984 $
246  1500 1636 1751 1983 $
247  1503 1639 1754 1980 $
248  1504 1640 1755 1979 $
249  1505 1641 1756 1978 $
250  1513 1649 1764 1970 $
251  1514 1650 1765 1969 $
252  1515 1651 1766 1968 $
253  1536 1672 1787 1948 $
254  1538 1674 1789 1946 $
255  1539 1675 1790 1945 $
256  1543 1679 1795 1941 $
257  1547 1683 1799 1937 $
258  1548 1684 1800 1936 $
259  1549 1685 1801 1935 $
260  1550 1686 1802 1934 $
261  1553 1689 1805 1931 $
262  1556 1692 1808 1928 $
263  1559 1695 1811 1925 $
264  1564 1700 1816 1920 $
265  1568 1704 1820 1916 $
266  1570 1706 1822 1914 $
267  1573 1709 1825 1911 $
268  1578 1714 1830 1906 $
269  1580 1716 1832 1904 $
270  1581 1717 1833 1903 $
271  1582 1718 1834 1902 $
272  1591 1727 1844 1893 $
273  1593 1729 1846 1891 $
274  1595 1731 1848 1889 $
275  1597 1733 1850 1887 $
276  1599 1735 1853 1885 $
277  1600 1736 1854 1884 $
278  1605 1741 1859 1879 $
279  2036 2159 2401 5003 $
280  2807 3925 4051 4502 $
281  12 321 536 $
282  14 844 1065 $
283  15 965 1105 $
284  17 227 1127 $
285  31 33 169 $
286  37 173 1040 $
287  39 324 1128 $
288  49 217 542 $
289  82 316 541 $
290  121 854 1213 $
291  490 492 495 $
292  562 564 566 $
293  598 599 600 $
294  606 607 608 $
295  688 881 1089 $
296  723 855 1214 $
297  1220 1428 5983 $
298  1288 1349 1456 $
299  1422 5865 5938 $
300  1486 1621 1996 $
301  1487 1622 1995 $
302  1488 1623 1994 $
303  1489 1624 1993 $
304  1490 1625 1992 $
305  1491 1626 1991 $
306  1493 1629 1744 $
307  1535 1671 1786 $
308  2039 2647 5008 $
309  2220 2462 2582 $
310  1 252 $
311  2 308 $
312  3 206 $
313  10 209 $
314  25 162 $
315  27 163 $
316  36 172 $
317  40 202 $
318  41 235 $
319  50 247 $
320  58 223 $
321  60 298 $
322  67 205 $
323  70 299 $
324  77 208 $
325  86 293 $
326  87 319 $
327  95 246 $
328  109 199 $
329  128 314 $
330  131 268 $
331  143 272 $
332  148 190 $
333  156 869 $
334  159 1028 $
335  212 1198 $
336  222 1081 $
337  232 1014 $
338  269 961 $
339  294 818 $
340  297 1123 $
341  323 1060 $
342  333 1192 $
343  335 1055 $
344  341 904 $
345  377 391 $
346  434 435 $
347  460 462 $
348  505 506 $
349  548 549 $
350  550 551 $
351  573 580 $
352  612 614 $
353  647 710 $
354  692 6017 $
355  693 694 $
356  750 760 $
357  759 785 $
358  793 1178 $
359  797 1125 $
360  798 1210 $
361  809 1118 $
362  814 1175 $
363  821 1208 $
364  823 1167 $
365  827 829 $
366  828 830 $
367  837 1109 $
368  841 1067 $
369  842 948 $
370  846 1064 $
371  857 969 $
372  867 1211 $
373  872 1073 $
374  873 1072 $
375  879 1114 $
376  894 1046 $
377  895 1104 $
378  898 1039 $
379  916 1131 $
380  917 1130 $
381  922 1037 $
382  925 1184 $
383  926 1143 $
384  945 1026 $
385  946 1032 $
386  962 1110 $
387  964 1199 $
388  970 1062 $
389  976 1179 $
390  977 1057 $
391  982 1052 $
392  993 1152 $
393  994 1202 $
394  998 1151 $
395  1000 1155 $
396  1005 1022 $
397  1217 1371 $
398  1218 1378 $
399  1231 1375 $
400  1232 1460 $
401  1233 1441 $
402  1235 1400 $
403  1241 1389 $
404  1247 1426 $
405  1248 1421 $
406  1249 1435 $
407  1250 1458 $
408  1255 1297 $
409  1256 1387 $
410  1258 1439 $
411  1259 1438 $
412  1266 1277 $
413  1273 1447 $
414  1274 1303 $
415  1275 1465 $
416  1276 1464 $
417  1278 1397 $
418  1279 1398 $
419  1289 1455 $
420  1290 1399 $
421  1291 1392 $
422  1292 1414 $
423  1295 1381 $
424  1299 1367 $
425  1301 1402 $
426  1302 1423 $
427  1304 1405 $
428  1306 1436 $
429  1307 1410 $
430  1311 1380 $
431  1318 1395 $
432  1330 1413 $
433  1335 1450 $
434  1337 6025 $
435  1345 1431 $
436  1347 1407 $
437  1348 1406 $
438  1350 1457 $
439  1355 1445 $
440  1357 1462 $
441  1360 1468 $
442  2078 5048 $
443  2163 2405 $
444  2268 3383 $
445  2526 2774 $
446  3937 4061 $
447  4439 4657 $
448  5834 5943 $
449  5836 5941 $
450  5843 5980 $
451  5844 6018 $
452  5848 6040 $
453  5849 5967 $
454  5855 5856 $
455  5866 5936 $
456  5878 5948 $
457  5887 6058 $
458  5889 6064 $
459  5890 6033 $
460  5895 5971 $
461  5900 6050 $
462  5903 6046 $
463  5907 6045 $
464  5908 6044 $
465  5911 6032 $
466  5912 6000 $
467  5915 6003 $
468  5921 5991 $
469  5996 6016 $
470  6051 6052 $
471  18 $
472  20 $
473  21 $
474  23 $
475  32 $
476  35 $
477  38 $
478  51 $
479  54 $
480  55 $
481  57 $
482  63 $
483  75 $
484  80 $
485  88 $
486  96 $
487  110 $
488  119 $
489  130 $
490  137 $
491  141 $
492  142 $
493  144 $
494  146 $
495  155 $
496  166 $
497  167 $
498  168 $
499  185 $
500  195 $
501  211 $
502  225 $
503  228 $
504  229 $
505  233 $
506  234 $
507  240 $
508  241 $
509  250 $
510  265 $
511  266 $
512  281 $
513  283 $
514  290 $
515  305 $
516  307 $
517  309 $
518  311 $
519  325 $
520  330 $
521  336 $
522  338 $
523  339 $
524  340 $
525  342 $
526  346 $
527  347 $
528  348 $
529  349 $
530  350 $
531  351 $
532  352 $
533  353 $
534  354 $
535  355 $
536  356 $
537  357 $
538  358 $
539  364 $
540  368 $
541  370 $
542  371 $
543  372 $
544  373 $
545  374 $
546  376 $
547  378 $
548  379 $
549  380 $
550  381 $
551  382 $
552  384 $
553  386 $
554  389 $
555  390 $
556  393 $
557  394 $
558  396 $
559  397 $
560  401 $
561  402 $
562  406 $
563  408 $
564  409 $
565  410 $
566  411 $
567  412 $
568  413 $
569  414 $
570  415 $
571  416 $
572  426 $
573  427 $
574  428 $
575  429 $
576  432 $
577  433 $
578  436 $
579  437 $
580  438 $
581  439 $
582  440 $
583  442 $
584  443 $
585  444 $
586  445 $
587  446 $
588  450 $
589  453 $
590  454 $
591  456 $
592  457 $
593  458 $
594  459 $
595  461 $
596  463 $
597  464 $
598  466 $
599  467 $
600  469 $
601  471 $
602  472 $
603  473 $
604  474 $
605  476 $
606  479 $
607  480 $
608  481 $
609  482 $
610  483 $
611  485 $
612  486 $
613  487 $
614  488 $
615  494 $
616  497 $
617  499 $
618  500 $
619  501 $
620  502 $
621  503 $
622  504 $
623  507 $
624  508 $
625  509 $
626  510 $
627  511 $
628  512 $
629  513 $
630  514 $
631  515 $
632  516 $
633  517 $
634  518 $
635  520 $
636  521 $
637  524 $
638  525 $
639  526 $
640  528 $
641  534 $
642  539 $
643  540 $
644  543 $
645  544 $
646  545 $
647  552 $
648  553 $
649  554 $
650  555 $
651  556 $
652  557 $
653  558 $
654  561 $
655  570 $
656  571 $
657  572 $
658  574 $
659  576 $
660  577 $
661  578 $
662  579 $
663  581 $
664  582 $
665  585 $
666  592 $
667  593 $
668  594 $
669  595 $
670  596 $
671  597 $
672  601 $
673  602 $
674  609 $
675  610 $
676  611 $
677  613 $
678  615 $
679  616 $
680  617 $
681  619 $
682  621 $
683  623 $
684  624 $
685  628 $
686  630 $
687  633 $
688  634 $
689  635 $
690  636 $
691  637 $
692  642 $
693  644 $
694  650 $
695  656 $
696  657 $
697  658 $
698  664 $
699  666 $
700  669 $
701  674 $
702  675 $
703  679 $
704  680 $
705  689 $
706  696 $
707  698 $
708  699 $
709  700 $
710  701 $
711  702 $
712  703 $
713  704 $
714  709 $
715  711 $
716  713 $
717  729 $
718  731 $
719  736 $
720  737 $
721  739 $
722  740 $
723  742 $
724  743 $
725  746 $
726  748 $
727  749 $
728  751 $
729  755 $
730  756 $
731  762 $
732  763 $
733  764 $
734  766 $
735  767 $
736  769 $
737  776 $
738  780 $
739  781 $
740  782 $
741  783 $
742  784 $
743  786 $
744  789 $
745  791 $
746  794 $
747  795 $
748  801 $
749  806 $
750  807 $
751  817 $
752  819 $
753  833 $
754  835 $
755  843 $
756  845 $
757  859 $
758  866 $
759  871 $
760  877 $
761  878 $
762  880 $
763  882 $
764  883 $
765  888 $
766  889 $
767  890 $
768  892 $
769  897 $
770  900 $
771  901 $
772  903 $
773  905 $
774  908 $
775  909 $
776  910 $
777  919 $
778  923 $
779  928 $
780  932 $
781  936 $
782  937 $
783  952 $
784  954 $
785  956 $
786  957 $
787  973 $
788  980 $
789  981 $
790  987 $
791  996 $
792  1001 $
793  1011 $
794  1025 $
795  1031 $
796  1033 $
797  1034 $
798  1041 $
799  1042 $
800  1044 $
801  1045 $
802  1048 $
803  1049 $
804  1050 $
805  1051 $
806  1053 $
807  1066 $
808  1069 $
809  1070 $
810  1071 $
811  1083 $
812  1085 $
813  1087 $
814  1094 $
815  1096 $
816  1115 $
817  1120 $
818  1122 $
819  1126 $
820  1135 $
821  1139 $
822  1140 $
823  1145 $
824  1146 $
825  1150 $
826  1156 $
827  1165 $
828  1176 $
829  1183 $
830  1200 $
831  1203 $
832  1206 $
833  1225 $
834  1230 $
835  1234 $
836  1236 $
837  1245 $
838  1252 $
839  1257 $
840  1264 $
841  1268 $
842  1271 $
843  1281 $
844  1282 $
845  1285 $
846  1296 $
847  1300 $
848  1309 $
849  1314 $
850  1316 $
851  1324 $
852  1327 $
853  1332 $
854  1333 $
855  1334 $
856  1339 $
857  1343 $
858  1354 $
859  1359 $
860  1372 $
861  1388 $
862  1390 $
863  1394 $
864  1401 $
865  1424 $
866  1425 $
867  1442 $
868  1444 $
869  1627 $
870  1793 $
871  1851 $
872  2679 $
873  2773 $
874  2821 $
875  2851 $
876  2852 $
877  3906 $
878  3909 $
879  3957 $
880  4361 $
881  5004 $
882  5235 $
883  5294 $
884  5367 $
885  5373 $
886  5716 $
887  5739 $
888  5839 $
889  5840 $
890  5850 $
891  5858 $
892  5861 $
893  5862 $
894  5863 $
895  5867 $
896  5868 $
897  5871 $
898  5872 $
899  5874 $
900  5876 $
901  5877 $
902  5879 $
903  5881 $
904  5886 $
905  5896 $
906  5897 $
907  5899 $
908  5901 $
909  5902 $
910  5905 $
911  5909 $
912  5924 $
913  5928 $
914  5929 $
915  5934 $
916  5935 $
917  5937 $
918  5940 $
919  5945 $
920  5947 $
921  5949 $
922  5952 $
923  5956 $
924  5959 $
925  5962 $
926  5965 $
927  5966 $
928  5968 $
929  5969 $
930  5973 $
931  5977 $
932  5978 $
933  5986 $
934  5995 $
935  5999 $
936  6011 $
937  6012 $
938  6015 $
939  6020 $
940  6021 $
941  6023 $
942  6024 $
943  6027 $
944  6029 $
945  6031 $
946  6039 $
947  6041 $
948  6047 $
949  6048 $
950  6049 $
951  6056 $
952  6059 $
953  6061 $
954  6062 $
955  6063 $
956  6065 $
957  6066 $
958  6068 $
)
