# cline: mcl ./orthofinder_2_family/Results_Feb13/WorkingDirectory/OrthoFinder_graph.txt "-I" "1.5" "-o" "./orthofinder_2_family/Results_Feb13/WorkingDirectory/clusters_OrthoFinder_I1.5.txt" "-te" "6" "-V" "all"
(mclheader
mcltype matrix
dimensions 9193x957
)
(mclmatrix
begin
0    32 151 277 438 511 596 721 894 981 1100 1215 1341 1605 1640 1733
       1939 2005 2130 2344 2478 2644 2645 2846 2965 3091 3212 3332
       3449 3574 3689 3807 4031 4085 4205 4323 4458 4573 4693 4818
       4932 5052 5173 5293 5412 5531 5652 5777 5894 6014 6134 6254
       6374 6495 6617 6716 6841 6963 7083 7200 7320 7433 7571 7687
       7812 7930 8046 8167 8284 8409 8527 8647 8764 8884 9002 9183 $
1    13 132 260 406 576 704 880 964 1083 1197 1366 1536 1716 1893 1985
       2114 2311 2316 2459 2806 2825 2943 3074 3195 3315 3430 3556
       3670 3826 4008 4066 4185 4342 4441 4553 4674 4801 4912 5033
       5153 5274 5393 5512 5633 5759 5874 5995 6115 6235 6355 6475
       6597 6759 6824 6947 7067 7183 7303 7452 7554 7667 7796 7914
       8027 8147 8262 8389 8507 8628 8744 8865 8983 9106 $
2    20 138 266 394 583 710 933 970 1089 1203 1425 1635 1722 1819 1992
       2120 2333 2551 2656 2832 2950 3080 3201 3321 3437 3562 3677
       3820 3907 4020 4073 4192 4336 4447 4560 4681 4807 4919 5040
       5160 5281 5400 5519 5640 5765 5881 6002 6122 6242 6362 6482
       6604 6763 6830 6953 7073 7189 7309 7446 7560 7674 7802 7920
       8034 8154 8269 8396 8514 8635 8751 8872 8990 9099 $
3    31 150 276 524 595 720 888 980 1099 1214 1340 1477 1651 1732 1880
       2004 2129 2350 2611 2675 2845 2964 3090 3211 3331 3448 3573
       3688 3906 4013 4084 4204 4421 4457 4572 4692 4817 4931 5051
       5172 5292 5411 5530 5651 5776 5893 6013 6133 6253 6373 6494
       6616 6800 6840 6962 7082 7199 7319 7533 7570 7686 7811 7929
       8045 8166 8283 8408 8526 8646 8763 8883 9001 9182 $
4    10 129 257 517 573 701 858 961 1080 1195 1395 1518 1713 1937 1982
       2111 2290 2460 2759 2818 2940 3071 3192 3312 3427 3553 3667
       3786 3996 4063 4182 4302 4438 4550 4671 4798 4909 5030 5150
       5271 5390 5509 5630 5756 5871 5992 6112 6232 6352 6472 6594
       6744 6821 6944 7064 7180 7300 7412 7551 7664 7793 7911 8024
       8144 8259 8386 8504 8625 8741 8862 8980 9109 $
5    12 131 259 484 575 703 868 963 1082 1196 1370 1619 1715 1857 1984
       2113 2264 2506 2795 2824 2942 3073 3194 3314 3429 3555 3669
       3827 3931 4065 4184 4343 4440 4552 4673 4800 4911 5032 5152
       5273 5392 5511 5632 5758 5873 5994 6114 6234 6354 6474 6596
       6796 6823 6946 7066 7182 7302 7453 7553 7666 7795 7913 8026
       8146 8261 8388 8506 8627 8743 8864 8982 9107 $
6    26 144 272 370 589 716 913 976 1095 1209 1298 1478 1728 1867 1998
       2126 2330 2564 2755 2839 2957 3086 3207 3327 3443 3568 3683
       3812 4035 4079 4198 4328 4453 4566 4687 4813 4925 5046 5166
       5287 5406 5525 5646 5771 5887 6008 6128 6248 6368 6488 6610
       6766 6836 6959 7079 7195 7315 7438 7566 7680 7808 7926 8040
       8160 8276 8402 8520 8641 8757 8878 8996 9092 $
7    33 152 278 515 597 722 877 982 1101 1216 1378 1508 1734 1860 2006
       2131 2270 2552 2733 2847 2966 3092 3213 3333 3450 3575 3690
       3892 3975 4086 4206 4407 4459 4574 4694 4819 4933 5053 5174
       5294 5413 5532 5653 5778 5895 6015 6135 6255 6375 6496 6618
       6788 6842 6964 7084 7201 7321 7519 7572 7688 7813 7931 8047
       8168 8285 8410 8528 8648 8765 8885 9003 9184 $
8    35 154 280 422 599 724 863 984 1103 1190 1456 1550 1736 1936 2008
       2133 2253 2603 2680 2849 2968 3094 3215 3335 3452 3577 3692
       3893 3943 4088 4208 4408 4461 4576 4696 4821 4935 5055 5176
       5296 5415 5534 5655 5780 5897 6017 6137 6257 6377 6498 6620
       6792 6844 6966 7086 7203 7322 7520 7574 7690 7815 7933 8049
       8170 8287 8412 8530 8650 8767 8887 9005 9185 $
9    37 156 282 548 601 726 869 986 1105 1184 1473 1688 1738 1836 1837
       2010 2135 2262 2558 2714 2851 2970 3096 3217 3337 3454 3579
       3694 3896 3921 4090 4210 4411 4463 4578 4698 4823 4937 5057
       5178 5298 5417 5536 5657 5782 5899 6019 6139 6259 6379 6500
       6622 6706 6846 6968 7088 7205 7324 7523 7576 7692 7817 7935
       8051 8172 8289 8532 8652 8769 8889 9007 9186 $
10   58 177 300 382 622 744 852 1004 1123 1237 1364 1494 1755 1873
       2030 2153 2257 2507 2678 2872 2991 3114 3235 3355 3475 3597
       3715 3867 3915 4111 4231 4383 4481 4599 4718 4841 4958 5078
       5199 5319 5438 5557 5678 5800 5920 6040 6160 6280 6400 6521
       6643 6728 6864 6986 7106 7223 7342 7494 7594 7713 7835 7952
       8072 8193 8310 8433 8553 8673 8790 8910 9026 9162 $
11   63 182 305 365 629 749 857 1009 1128 1244 1416 1692 1760 1905
       2037 2158 2307 2567 2792 2878 2997 3119 3240 3360 3482 3602
       3720 3783 3957 4117 4237 4299 4486 4606 4723 4846 4965 5085
       5206 5324 5443 5564 5685 5805 5927 6047 6167 6287 6407 6528
       6650 6717 6869 6991 7111 7228 7347 7409 7599 7720 7840 7957
       8077 8199 8316 8440 8559 8679 8797 8915 9032 9156 $
12   83 202 323 496 649 768 889 1027 1146 1261 1461 1672 1778 1826
       2052 2177 2288 2556 2749 2898 3017 3138 3259 3379 3502 3621
       3740 3859 4004 4137 4257 4375 4504 4626 4743 4864 4984 5105
       5226 5344 5463 5584 5705 5824 5947 6067 6187 6307 6427 6548
       6670 6799 6887 7009 7129 7246 7365 7486 7618 7740 7859 7976
       8097 8219 8337 8458 8579 8698 8816 8935 9052 9140 $
13   87 206 327 508 653 772 820 1031 1150 1265 1389 1648 1782 1866
       2056 2181 2274 2414 2816 2902 3021 3142 3263 3383 3506 3625
       3744 3853 3935 4141 4261 4369 4508 4630 4747 4868 4988 5109
       5230 5348 5467 5588 5709 5828 5951 6071 6191 6311 6431 6552
       6674 6708 6891 7013 7133 7250 7369 7480 7622 7744 7863 7980
       8101 8223 8341 8462 8583 8702 8820 8939 9056 9136 $
14   101 220 343 440 667 788 851 1047 1166 1281 1300 1588 1798 1839
       2070 2197 2308 2417 2760 2918 3037 3158 3279 3399 3520 3641
       3758 3842 3959 4155 4275 4358 4523 4644 4761 4884 5002 5123
       5244 5362 5481 5602 5723 5844 5965 6085 6205 6325 6445 6566
       6688 6729 6907 7029 7147 7266 7385 7469 7638 7758 7879 7996
       8115 8237 8358 8476 8597 8716 8834 8953 9070 9124 $
15   115 234 357 385 681 802 918 1060 1180 1295 1436 1585 1812 1887
       2084 2211 2269 2566 2765 2933 3052 3172 3293 3413 3534 3655
       3772 3847 3977 4168 4287 4363 4536 4657 4775 4897 5016 5137
       5258 5376 5495 5617 5737 5858 5979 6099 6219 6339 6459 6580
       6702 6722 6921 7043 7160 7279 7398 7474 7652 7772 7893 8010
       8129 8251 8373 8490 8611 8728 8848 8967 9084 9114 $
16   116 235 358 405 682 803 839 1061 1181 1296 1355 1628 1813 1908
       2085 2212 2304 2499 2654 2934 3053 3173 3294 3414 3535 3656
       3773 3779 3954 4169 4288 4294 4537 4658 4776 4898 5017 5138
       5259 5377 5496 5618 5738 5859 5980 6100 6220 6340 6460 6581
       6703 6727 6922 7044 7161 7280 7399 7404 7653 7773 7894 8011
       8130 8252 8374 8491 8612 8729 8849 8968 9085 9113 $
17   29 147 275 527 592 719 846 979 1098 1212 1359 1538 1731 1907 2001
       2128 2265 2513 2843 2962 3089 3210 3330 3446 3571 3686 3833
       3932 4082 4201 4349 4456 4569 4690 4816 4928 5049 5169 5290
       5409 5528 5649 5774 5890 6011 6131 6251 6371 6491 6613 6772
       6839 6961 7081 7198 7318 7460 7569 7683 7810 7928 8043 8163
       8281 8405 8523 8644 8760 8881 8999 9188 $
18   74 193 314 491 640 758 855 1017 1074 1252 1322 1598 1768 1885
       2043 2167 2217 2405 2655 2888 3007 3128 3249 3369 3493 3611
       3731 3793 4049 4128 4248 4309 4495 4617 4734 4855 4975 5096
       5217 5335 5454 5575 5696 5814 5938 6058 6178 6298 6418 6539
       6661 6748 6816 6937 7120 7237 7356 7419 7608 7731 7849 7966
       8088 8210 8327 8570 8689 8807 8926 9043 9147 $
19   84 203 324 421 650 769 876 1028 1147 1262 1392 1556 1779 1859
       2053 2178 2339 2691 2899 3018 3139 3260 3380 3503 3622 3741
       3858 4029 4138 4258 4374 4505 4627 4744 4865 4985 5106 5227
       5345 5464 5585 5706 5825 5948 6068 6188 6308 6428 6549 6671
       6787 6888 7010 7130 7247 7366 7485 7619 7741 7860 7977 8098
       8220 8338 8459 8580 8699 8817 8936 9053 9139 $
20   91 210 331 488 657 776 903 1035 1154 1270 1383 1696 1786 1938
       2060 2185 2268 2797 2907 3026 3146 3267 3387 3510 3629 3748
       3849 3978 4145 4265 4365 4512 4634 4751 4872 4992 5113 5234
       5352 5471 5592 5713 5832 5955 6075 6195 6315 6435 6556 6678
       6720 6895 7017 7137 7254 7373 7476 7626 7748 7867 7984 8105
       8227 8346 8466 8587 8706 8824 8943 9060 9132 $
21   106 225 347 439 672 792 873 1051 1170 1285 1377 1502 1802 1856
       2075 2201 2348 2735 2923 3042 3162 3283 3403 3525 3645 3763
       3845 4011 4160 4280 4361 4527 4649 4766 4888 5007 5128 5249
       5367 5486 5607 5728 5848 5970 6090 6210 6330 6450 6571 6693
       6734 6911 7033 7151 7270 7389 7472 7642 7763 7883 8000 8120
       8242 8363 8481 8602 8721 8839 8958 9075 9128 $
22   46 165 290 513 610 734 866 994 1113 1226 1314 1510 1745 2018 2143
       2302 2481 2860 2979 3104 3225 3345 3463 3587 3703 3882 3984
       4099 4219 4398 4471 4587 4706 4831 4946 5066 5187 5307 5426
       5545 5666 5790 5908 6028 6148 6268 6388 6509 6631 6794 6854
       6976 7096 7213 7332 7509 7584 7701 7825 7942 8060 8181 8298
       8421 8541 8661 8778 8898 9014 9173 $
23   107 226 349 535 673 794 1053 1172 1287 1420 1629 1804 1927 2076
       2203 2320 2494 2718 2925 3044 3164 3285 3405 3526 3647 3764
       3846 4016 4161 4281 4362 4528 4650 4767 4889 5008 5129 5250
       5368 5487 5608 5729 5850 5971 6091 6211 6331 6451 6572 6694
       6913 7035 7152 7271 7390 7473 7644 7764 7885 8002 8121 8243
       8365 8482 8603 8722 8840 8959 9076 9129 $
24   64 183 306 410 630 750 1010 1129 1245 1344 1632 1761 1906 2089
       2159 2879 2998 3120 3241 3361 3483 3603 3721 3796 4118 4238
       4312 4487 4607 4724 4847 4966 5086 5207 5325 5444 5565 5686
       5806 5928 6048 6168 6288 6408 6529 6651 6870 6992 7112 7229
       7348 7422 7600 7721 7841 7958 8078 8200 8317 8441 8560 8680
       8798 8916 9033 9154 $
25   85 204 325 651 770 826 1029 1148 1263 1780 2054 2179 2228 2900
       3019 3140 3261 3381 3504 3623 3742 3856 3945 4139 4259 4372
       4506 4628 4745 4866 4986 5107 5228 5346 5465 5586 5707 5826
       5949 6069 6189 6309 6429 6550 6672 6755 6889 7011 7131 7248
       7367 7483 7620 7742 7861 7978 8099 8221 8339 8460 8581 8700
       8818 8937 9054 9138 $
26   104 223 345 670 790 864 1049 1168 1283 1800 2073 2199 2332 2921
       3040 3160 3281 3401 3523 3643 3761 3843 4033 4158 4278 4359
       4525 4647 4764 4886 5005 5126 5247 5365 5484 5605 5726 5846
       5968 6088 6208 6328 6448 6569 6691 6791 6909 7031 7149 7268
       7387 7470 7640 7761 7881 7998 8118 8240 8361 8479 8600 8719
       8837 8956 9073 9126 $
27   49 168 293 613 737 997 1116 1229 1748 2021 2146 2309 2863 2982
       3107 3228 3348 3466 3590 3706 3879 3962 4102 4222 4395 4474
       4590 4709 4834 4949 5069 5190 5310 5429 5548 5669 5793 5911
       6031 6151 6271 6391 6512 6634 6790 6857 6979 7099 7216 7335
       7506 7587 7704 7828 7945 8063 8184 8301 8424 8544 8664 8781
       8901 9017 9170 $
28   11 130 258 574 702 962 1081 1714 1983 2112 2214 2823 2941 3072
       3193 3313 3428 3554 3668 3904 4052 4064 4183 4419 4439 4551
       4672 4799 4910 5031 5151 5272 5391 5510 5631 5757 5872 5993
       6113 6233 6353 6473 6595 6822 6945 7065 7181 7301 7531 7552
       7665 7794 7912 8025 8145 8260 8387 8505 8626 8742 8863 8981
       9108 $
29   59 178 301 623 745 1005 1124 1238 1756 2031 2154 2658 2873 2992
       3115 3236 3356 3476 3598 3716 3866 4112 4232 4382 4482 4600
       4719 4842 4959 5079 5200 5320 5439 5558 5679 5801 5921 6041
       6161 6281 6401 6522 6644 6865 6987 7107 7224 7343 7493 7595
       7714 7836 7953 8073 8194 8311 8434 8554 8674 8791 8911 9027
       9161 $
30   6 125 247 569 693 808 956 1070 1191 1697 1978 2106 2819 2936 3066
       3175 3307 3423 3541 3663 3802 4059 4178 4318 4432 4546 4667
       4783 4905 5026 5146 5267 5386 5505 5626 5750 5867 5988 6108
       6228 6349 6468 6590 6806 6927 7049 7165 7285 7428 7538 7660
       7779 8020 8140 8255 8382 8500 8621 8737 8858 8976 9111 $
31   7 126 254 570 698 958 1077 1192 1710 1979 2108 2820 2937 3068
       3189 3309 3424 3550 3664 3803 4060 4179 4319 4435 4547 4668
       4795 4906 5027 5147 5268 5387 5506 5627 5753 5868 5989 6109
       6229 6350 6469 6591 6818 6941 7061 7177 7297 7429 7548 7661
       7790 7908 8021 8141 8256 8383 8501 8622 8738 8859 8977 9110 $
32   19 137 265 582 709 969 1088 1202 1721 1991 2119 2831 2949 3079
       3200 3320 3436 3561 3676 3780 4072 4191 4295 4446 4559 4680
       4806 4918 5039 5159 5280 5399 5518 5639 5764 5880 6001 6121
       6241 6361 6481 6603 6829 6952 7072 7188 7308 7405 7559 7673
       7801 7919 8033 8153 8268 8395 8513 8634 8750 8871 8989 9100 $
33   23 141 268 586 712 972 1091 1205 1724 1995 2122 2835 2953 3082
       3203 3323 3440 3564 3680 3817 4076 4195 4333 4449 4563 4684
       4809 4922 5043 5163 5284 5403 5522 5643 5767 5884 6005 6125
       6245 6365 6485 6607 6832 6955 7075 7191 7311 7443 7562 7677
       7804 7922 8037 8157 8272 8399 8517 8638 8754 8875 8993 9096 $
34   24 142 269 587 713 973 1092 1206 1725 1996 2123 2836 2954 3083
       3204 3324 3441 3565 3681 3816 4077 4196 4332 4450 4564 4685
       4810 4923 5044 5164 5285 5404 5523 5644 5768 5885 6006 6126
       6246 6366 6486 6608 6833 6956 7076 7192 7312 7442 7563 7678
       7805 7923 8038 8158 8273 8400 8518 8639 8755 8876 8994 9095 $
35   25 143 270 588 714 974 1093 1207 1726 1997 2124 2837 2955 3084
       3205 3325 3442 3566 3682 3815 4078 4197 4331 4451 4565 4686
       4811 4924 5045 5165 5286 5405 5524 5645 5769 5886 6007 6127
       6247 6367 6487 6609 6834 6957 7077 7193 7313 7441 7564 7679
       7806 7924 8039 8159 8274 8401 8519 8640 8756 8877 8995 9094 $
36   27 145 273 590 717 977 1096 1210 1729 1999 2127 2840 2958 3087
       3208 3328 3444 3569 3684 3811 4080 4199 4327 4454 4567 4688
       4814 4926 5047 5167 5288 5407 5526 5647 5772 5888 6009 6129
       6249 6369 6489 6611 6837 6960 7080 7196 7316 7437 7567 7681
       7809 7927 8041 8161 8277 8403 8521 8642 8758 8879 8997 9091 $
37   50 169 241 614 686 948 1064 1230 1702 2022 2096 2864 2983 3056
       3185 3297 3467 3547 3707 3875 4103 4223 4391 4425 4591 4710
       4790 4950 5070 5191 5311 5430 5549 5670 5743 5912 6032 6152
       6272 6392 6513 6635 6813 6934 7056 7172 7292 7502 7545 7705
       7786 7898 8064 8185 8302 8425 8545 8665 8782 8902 9018 9169 $
38   51 170 294 615 738 998 1117 1231 1749 2023 2147 2865 2984 3108
       3229 3349 3468 3591 3708 3874 4104 4224 4390 4475 4592 4711
       4835 4951 5071 5192 5312 5431 5550 5671 5794 5913 6033 6153
       6273 6393 6514 6636 6858 6980 7100 7217 7336 7501 7588 7706
       7829 7946 8065 8186 8303 8426 8546 8666 8783 8903 9019 9168 $
39   56 175 298 620 742 1002 1121 1235 1753 2028 2151 2870 2989 3112
       3233 3353 3473 3595 3713 3869 4109 4229 4385 4479 4597 4716
       4839 4956 5076 5197 5317 5436 5555 5676 5798 5918 6038 6158
       6278 6398 6519 6641 6862 6984 7104 7221 7340 7496 7592 7711
       7833 7950 8070 8191 8308 8431 8551 8671 8788 8908 9024 9164 $
40   57 176 299 621 743 1003 1122 1236 1754 2029 2152 2871 2990 3113
       3234 3354 3474 3596 3714 3868 4110 4230 4384 4480 4598 4717
       4840 4957 5077 5198 5318 5437 5556 5677 5799 5919 6039 6159
       6279 6399 6520 6642 6863 6985 7105 7222 7341 7495 7593 7712
       7834 7951 8071 8192 8309 8432 8552 8672 8789 8909 9025 9163 $
41   60 179 303 626 747 1007 1126 1241 1758 2034 2156 2875 2994 3117
       3238 3358 3479 3600 3718 3865 4114 4234 4381 4484 4603 4720
       4844 4962 5082 5203 5321 5441 5561 5682 5803 5924 6044 6164
       6284 6404 6525 6647 6867 6989 7109 7226 7345 7492 7597 7717
       7838 7955 8075 8196 8313 8437 8556 8676 8794 8913 9030 9159 $
42   76 195 316 642 760 1019 1138 1254 1770 2045 2169 2890 3009 3130
       3251 3371 3495 3613 3733 3792 4130 4250 4308 4497 4619 4736
       4857 4977 5098 5219 5337 5456 5577 5698 5816 5940 6060 6180
       6300 6420 6541 6663 6879 7001 7122 7239 7358 7418 7610 7733
       7851 7968 8090 8212 8329 8451 8572 8691 8809 8928 9045 9145 $
43   78 197 318 644 763 1022 1141 1257 1773 2047 2172 2893 3012 3133
       3254 3374 3497 3616 3735 3791 4132 4252 4307 4499 4621 4738
       4859 4979 5100 5221 5339 5458 5579 5700 5819 5942 6062 6182
       6302 6422 6543 6665 6882 7004 7124 7241 7360 7417 7613 7735
       7854 7971 8092 8214 8332 8453 8574 8693 8811 8930 9047 9144 $
44   79 198 319 645 764 1023 1142 1258 1774 2048 2173 2894 3013 3134
       3255 3375 3498 3617 3736 3790 4133 4253 4306 4500 4622 4739
       4860 4980 5101 5222 5340 5459 5580 5701 5820 5943 6063 6183
       6303 6423 6544 6666 6883 7005 7125 7242 7361 7416 7614 7736
       7855 7972 8093 8215 8333 8454 8575 8694 8812 8931 9048 9143 $
45   80 199 320 646 765 1024 1143 1259 1775 2049 2174 2895 3014 3135
       3256 3376 3499 3618 3737 3899 4134 4254 4414 4501 4623 4740
       4861 4981 5102 5223 5341 5460 5581 5702 5821 5944 6064 6184
       6304 6424 6545 6667 6884 7006 7126 7243 7362 7526 7615 7737
       7856 7973 8094 8216 8334 8455 8576 8695 8813 8932 9049 9142 $
46   86 205 326 652 771 1030 1149 1264 1781 2055 2180 2901 3020 3141
       3262 3382 3505 3624 3743 3855 4140 4260 4371 4507 4629 4746
       4867 4987 5108 5229 5347 5466 5587 5708 5827 5950 6070 6190
       6310 6430 6551 6673 6890 7012 7132 7249 7368 7482 7621 7743
       7862 7979 8100 8222 8340 8461 8582 8701 8819 8938 9055 9137 $
47   90 209 330 656 775 1034 1153 1269 1785 2059 2184 2906 3025 3145
       3266 3386 3509 3628 3747 3850 4144 4264 4366 4511 4633 4750
       4871 4991 5112 5233 5351 5470 5591 5712 5831 5954 6074 6194
       6314 6434 6555 6677 6894 7016 7136 7253 7372 7477 7625 7747
       7866 7983 8104 8226 8345 8465 8586 8705 8823 8942 9059 9133 $
48   92 211 332 658 777 1036 1155 1271 1787 2061 2186 2908 3027 3147
       3268 3388 3511 3630 3749 3804 4146 4266 4320 4513 4635 4752
       4873 4993 5114 5235 5353 5472 5593 5714 5833 5956 6076 6196
       6316 6436 6557 6679 6896 7018 7138 7255 7374 7430 7627 7749
       7868 7985 8106 8228 8347 8467 8588 8707 8825 8944 9061 9131 $
49   95 214 335 661 780 1039 1158 1274 1790 2064 2189 2911 3030 3150
       3271 3391 3514 3633 3752 3805 4149 4269 4321 4516 4638 4755
       4876 4996 5117 5238 5356 5475 5596 5717 5836 5959 6079 6199
       6319 6439 6560 6682 6899 7021 7141 7258 7377 7431 7630 7752
       7871 7988 8109 8231 8350 8470 8591 8710 8828 8947 9064 9120 $
50   105 224 346 671 791 1050 1169 1284 1801 2074 2200 2922 3041 3161
       3282 3402 3524 3644 3762 3844 4159 4279 4360 4526 4648 4765
       4887 5006 5127 5248 5366 5485 5606 5727 5847 5969 6089 6209
       6329 6449 6570 6692 6910 7032 7150 7269 7388 7471 7641 7762
       7882 7999 8119 8241 8362 8480 8601 8720 8838 8957 9074 9127 $
51   109 228 351 675 796 1054 1174 1289 1806 2078 2205 2927 3046 3166
       3287 3407 3528 3649 3766 3848 4163 4282 4364 4530 4651 4769
       4891 5010 5131 5252 5370 5489 5610 5731 5852 5973 6093 6213
       6333 6453 6574 6696 6915 7037 7154 7273 7392 7475 7646 7766
       7887 8004 8123 8245 8367 8484 8605 8723 8842 8961 9078 9130 $
52   113 232 355 679 800 1058 1178 1293 1810 2082 2209 2931 3050 3170
       3291 3411 3532 3653 3770 3860 4167 4286 4376 4534 4655 4773
       4895 5014 5135 5256 5374 5493 5615 5735 5856 5977 6097 6217
       6337 6457 6578 6700 6919 7041 7158 7277 7396 7487 7650 7770
       7891 8008 8127 8249 8371 8488 8609 8727 8846 8965 9082 9116 $
53   18 136 264 581 708 968 1087 1201 1720 1990 2118 2830 2948 3078
       3199 3319 3435 3560 3675 3821 4071 4190 4337 4445 4558 4679
       4805 4917 5038 5158 5279 5398 5517 5638 5763 5879 6000 6120
       6240 6360 6480 6602 6828 6951 7071 7187 7307 7447 7558 7672
       7800 7918 8032 8152 8267 8394 8512 8633 8749 8870 8988 $
54   28 146 274 591 718 978 1097 1211 1730 2000 2107 2841 2959 3088
       3209 3329 3445 3570 3685 3818 4081 4200 4334 4455 4568 4689
       4815 4927 5048 5168 5289 5408 5527 5648 5773 5889 6010 6130
       6250 6370 6490 6612 6838 6938 7197 7317 7444 7568 7682 7789
       7907 8042 8162 8278 8404 8522 8643 8759 8880 8998 9090 $
55   38 157 283 602 727 987 1106 1219 1739 2011 2136 2852 2971 3097
       3218 3338 3455 3580 3695 3891 4091 4211 4406 4464 4579 4699
       4824 4938 5058 5179 5299 5418 5537 5658 5783 5900 6020 6140
       6260 6380 6501 6623 6847 6969 7089 7206 7325 7577 7693 7818
       7936 8052 8173 8290 8413 8533 8653 8770 8890 9008 9187 $
56   88 207 328 654 773 1032 1151 1266 1783 2057 2182 2903 3022 3143
       3264 3384 3507 3626 3745 3852 4142 4262 4368 4509 4631 4748
       4869 4989 5110 5231 5349 5468 5589 5710 5829 5952 6072 6192
       6312 6432 6553 6675 6892 7014 7134 7251 7370 7479 7623 7745
       7864 7981 8102 8224 8463 8584 8703 8821 8940 9057 9135 $
57   89 208 246 655 691 953 1069 1267 1708 2058 2102 2904 3023 3062
       3179 3303 3508 3542 3746 3851 4143 4263 4367 4430 4632 4749
       4785 4990 5111 5232 5350 5469 5590 5711 5748 5953 6073 6193
       6313 6433 6554 6676 6808 6929 7051 7167 7287 7478 7540 7746
       7781 7903 8103 8225 8464 8585 8704 8822 8941 9058 9134 $
58   93 212 333 659 778 1037 1156 1272 1788 2062 2187 2909 3028 3148
       3269 3389 3512 3631 3750 3908 4147 4267 4422 4514 4636 4753
       4874 4994 5115 5236 5354 5473 5594 5715 5834 5957 6077 6197
       6317 6437 6558 6680 6897 7019 7139 7256 7375 7534 7628 7750
       7869 7986 8107 8229 8348 8468 8589 8708 8826 8945 9062 $
59   111 230 353 677 798 1056 1176 1291 1808 2080 2207 2929 3048 3168
       3289 3409 3530 3651 3768 3903 4165 4284 4418 4532 4653 4771
       4893 5012 5133 5254 5372 5491 5612 5733 5854 5975 6095 6215
       6335 6455 6576 6698 6917 7039 7156 7275 7394 7530 7648 7768
       7889 8006 8125 8247 8369 8486 8607 8725 8844 8963 9080 $
60   117 236 359 683 804 1182 1297 1814 2086 2213 2935 3054 3174 3295
       3415 3536 3657 3774 3800 4170 4289 4316 4538 4659 4777 4899
       5018 5139 5260 5378 5497 5619 5739 5860 5981 6101 6221 6341
       6461 6582 6704 6923 7045 7162 7281 7400 7426 7654 7774 7895
       8012 8131 8253 8375 8492 8613 8730 8850 8969 9086 9112 $
61   15 262 578 706 966 1085 1718 1987 2116 2827 2945 3076 3197 3317
       3432 3558 3672 3824 4068 4187 4340 4443 4555 4676 4803 4914
       5035 5155 5276 5395 5514 5635 5761 5876 5997 6117 6237 6357
       6477 6599 6826 6949 7069 7185 7305 7450 7556 7669 7798 7916
       8029 8149 8264 8391 8509 8630 8746 8867 8985 9103 $
62   34 153 279 598 723 983 1102 1217 1735 2007 2132 2848 2967 3093
       3214 3334 3451 3576 3691 3778 4087 4207 4293 4460 4575 4695
       4820 4934 5054 5175 5295 5414 5533 5654 5779 5896 6016 6136
       6256 6376 6497 6619 6843 6965 7085 7202 7403 7573 7689 7814
       7932 8048 8169 8286 8411 8529 8649 8766 8886 9004 $
63   94 213 334 660 779 1038 1157 1273 1789 2063 2188 2774 2910 3029
       3149 3270 3390 3513 3632 3751 4148 4268 4515 4637 4754 4875
       4995 5116 5237 5355 5474 5595 5716 5835 5958 6078 6198 6318
       6438 6559 6681 6898 7020 7140 7257 7376 7629 7751 7870 7987
       8108 8230 8349 8469 8590 8709 8827 8946 9063 9119 $
64   1 122 253 564 692 946 1076 1246 1706 1976 2094 2367 2881 3000
       3067 3188 3308 3421 3658 4054 4173 4431 4540 4661 4784 4904
       5021 5145 5262 5381 5503 5625 5749 5862 5983 6103 6223 6344
       6463 6585 6807 6928 7050 7166 7286 7539 7659 7780 7904 8018
       8138 8319 8380 8498 8616 8732 8856 8972 9153 $
65   14 133 261 577 705 965 1084 1198 1717 1986 2115 2826 2944 3075
       3196 3316 3431 3557 3671 4067 4186 4442 4554 4675 4802 4913
       5034 5154 5275 5394 5513 5634 5760 5875 5996 6116 6236 6356
       6476 6598 6825 6948 7068 7184 7304 7555 7668 7797 7915 8028
       8148 8263 8390 8508 8629 8745 8866 8984 9104 $
66   17 135 263 580 707 967 1086 1200 1719 1989 2117 2829 2947 3077
       3198 3318 3434 3559 3674 4070 4189 4444 4557 4678 4804 4916
       5037 5157 5278 5397 5516 5637 5762 5878 5999 6119 6239 6359
       6479 6601 6827 6950 7070 7186 7306 7557 7671 7799 7917 8031
       8151 8266 8393 8511 8632 8748 8869 8987 9101 $
67   22 140 267 585 711 971 1090 1187 1723 1994 2121 2834 2952 3081
       3202 3322 3439 3563 3679 4075 4194 4448 4562 4683 4808 4921
       5042 5162 5283 5402 5521 5642 5766 5883 6004 6124 6244 6364
       6484 6606 6831 6954 7074 7190 7310 7561 7676 7803 7921 8036
       8156 8271 8398 8516 8637 8753 8874 8992 9097 $
68   42 161 287 606 731 991 1110 1223 1742 2014 2140 2856 2975 3101
       3222 3342 3459 3584 3699 4095 4215 4468 4583 4702 4828 4942
       5062 5183 5303 5422 5541 5662 5787 5904 6024 6144 6264 6384
       6505 6627 6851 6973 7093 7210 7329 7581 7697 7822 7939 8056
       8177 8294 8417 8537 8657 8774 8894 9010 9177 $
69   43 162 288 607 732 992 1111 1224 1743 2015 2141 2857 2976 3102
       3223 3343 3460 3585 3700 4096 4216 4469 4584 4703 4829 4943
       5063 5184 5304 5423 5542 5663 5788 5905 6025 6145 6265 6385
       6506 6628 6852 6974 7094 7211 7330 7582 7698 7823 7940 8057
       8178 8295 8418 8538 8658 8775 8895 9011 9176 $
70   45 164 289 609 733 993 1112 1225 1744 2017 2142 2859 2978 3103
       3224 3344 3462 3586 3702 4098 4218 4470 4586 4705 4830 4945
       5065 5186 5306 5425 5544 5665 5789 5907 6027 6147 6267 6387
       6508 6630 6853 6975 7095 7212 7331 7583 7700 7824 7941 8059
       8180 8297 8420 8540 8660 8777 8897 9013 9174 $
71   47 166 291 611 735 995 1114 1227 1746 2019 2144 2861 2980 3105
       3226 3346 3464 3588 3704 4100 4220 4472 4588 4707 4832 4947
       5067 5188 5308 5427 5546 5667 5791 5909 6029 6149 6269 6389
       6510 6632 6855 6977 7097 7214 7333 7585 7702 7826 7943 8061
       8182 8299 8422 8542 8662 8779 8899 9015 9172 $
72   48 167 292 612 736 996 1115 1228 1747 2020 2145 2862 2981 3106
       3227 3347 3465 3589 3705 4101 4221 4473 4589 4708 4833 4948
       5068 5189 5309 5428 5547 5668 5792 5910 6030 6150 6270 6390
       6511 6633 6856 6978 7098 7215 7334 7586 7703 7827 7944 8062
       8183 8300 8423 8543 8663 8780 8900 9016 9171 $
73   52 171 295 616 739 999 1118 1232 1750 2024 2148 2866 2985 3109
       3230 3350 3469 3592 3709 4105 4225 4476 4593 4712 4836 4952
       5072 5193 5313 5432 5551 5672 5795 5914 6034 6154 6274 6394
       6515 6637 6859 6981 7101 7218 7337 7589 7707 7830 7947 8066
       8187 8304 8427 8547 8667 8784 8904 9020 9167 $
74   53 172 296 617 740 1000 1119 1233 1751 2025 2149 2867 2986 3110
       3231 3351 3470 3593 3710 4106 4226 4477 4594 4713 4837 4953
       5073 5194 5314 5433 5552 5673 5796 5915 6035 6155 6275 6395
       6516 6638 6860 6982 7102 7219 7338 7590 7708 7831 7948 8067
       8188 8305 8428 8548 8668 8785 8905 9021 9166 $
75   62 181 304 628 748 1008 1127 1243 1759 2036 2157 2877 2996 3118
       3239 3359 3481 3601 3719 4116 4236 4485 4605 4722 4845 4964
       5084 5205 5323 5442 5563 5684 5804 5926 6046 6166 6286 6406
       6527 6649 6868 6990 7110 7227 7346 7598 7719 7839 7956 8076
       8198 8315 8439 8558 8678 8796 8914 9031 9157 $
76   65 184 307 631 751 1011 1130 1247 1762 2090 2160 2882 3001 3121
       3242 3362 3484 3604 3722 4119 4239 4488 4608 4725 4848 4967
       5087 5208 5326 5445 5566 5687 5807 5929 6049 6169 6289 6409
       6530 6652 6871 6993 7113 7230 7349 7601 7722 7842 7959 8079
       8201 8320 8442 8561 8681 8799 8917 9034 9152 $
77   75 194 315 641 759 1018 1137 1253 1769 2044 2168 2889 3008 3129
       3250 3370 3494 3612 3732 4129 4249 4496 4618 4735 4856 4976
       5097 5218 5336 5455 5576 5697 5815 5939 6059 6179 6299 6419
       6540 6662 6878 7000 7121 7238 7357 7609 7732 7850 7967 8089
       8211 8328 8450 8571 8690 8808 8927 9044 9146 $
78   81 200 321 647 766 1025 1144 1260 1776 2050 2175 2896 3015 3136
       3257 3377 3500 3619 3738 4135 4255 4502 4624 4741 4862 4982
       5103 5224 5342 5461 5582 5703 5822 5945 6065 6185 6305 6425
       6546 6668 6885 7007 7127 7244 7363 7616 7738 7857 7974 8095
       8217 8335 8456 8577 8696 8814 8933 9050 9141 $
79   82 201 322 648 767 1026 1145 1183 1777 2051 2176 2897 3016 3137
       3258 3378 3501 3620 3739 4136 4256 4503 4625 4742 4863 4983
       5104 5225 5343 5462 5583 5704 5823 5946 6066 6186 6306 6426
       6547 6669 6886 7008 7128 7245 7364 7617 7739 7858 7975 8096
       8218 8336 8457 8578 8697 8815 8934 9051 9192 $
80   96 215 336 662 781 1040 1159 1275 1791 2065 2190 2912 3031 3151
       3272 3392 3515 3634 3753 4150 4270 4517 4639 4756 4877 4997
       5118 5239 5357 5476 5597 5718 5837 5960 6080 6200 6320 6440
       6561 6683 6900 7022 7142 7259 7378 7631 7753 7872 7989 8110
       8232 8351 8471 8592 8711 8829 8948 9065 9121 $
81   98 217 338 664 783 1042 1161 1277 1793 2067 2192 2914 3033 3153
       3274 3394 3517 3636 3755 4152 4272 4519 4641 4758 4879 4999
       5120 5241 5359 5478 5599 5720 5839 5962 6082 6202 6322 6442
       6563 6685 6902 7024 7144 7261 7380 7633 7755 7874 7991 8112
       8234 8353 8473 8594 8713 8831 8950 9067 9122 $
82   112 231 354 678 799 1057 1177 1809 2081 2208 2930 3049 3169 3290
       3410 3531 3652 3769 4166 4285 4533 4654 4772 4894 5013 5134
       5255 5373 5492 5614 5734 5855 5976 6096 6216 6336 6456 6577
       6699 6918 7040 7157 7276 7395 7649 7769 7890 8007 8126 8248
       8370 8487 8608 8726 8845 8964 9081 9117 9118 $
83   0 121 329 566 774 1033 1152 1268 1784 1974 2183 2905 3024 3144
       3265 3385 3419 3627 3660 4056 4175 4510 4542 4663 4870 4902
       5023 5143 5264 5383 5504 5623 5830 5864 5985 6105 6225 6346
       6465 6587 6893 7015 7135 7252 7371 7624 7657 7865 7982 8016
       8136 8344 8378 8496 8618 8734 8854 8974 $
84   2 123 244 567 689 949 1067 1186 1705 1973 2097 2880 2999 3057
       3184 3298 3418 3544 3661 4057 4176 4428 4543 4664 4787 4901
       5024 5142 5265 5384 5502 5622 5746 5865 5986 6106 6226 6347
       6466 6588 6810 6931 7053 7169 7289 7542 7656 7783 7901 8015
       8135 8318 8377 8495 8619 8735 8853 8975 $
85   3 239 568 685 950 1062 1208 1698 1972 2098 3058 3183 3299 3416
       3548 3662 3813 4058 4177 4329 4424 4545 4666 4792 4900 5025
       5141 5266 5385 5501 5621 5742 5866 5987 6107 6227 6348 6467
       6589 6814 6935 7058 7174 7294 7439 7546 7655 7787 7897 8013
       8134 8275 8376 8494 8620 8736 8852 9087 $
86   8 127 255 571 699 959 1078 1193 1711 1980 2109 2821 2938 3069
       3190 3310 3425 3551 3665 4061 4180 4436 4548 4669 4796 4907
       5028 5148 5269 5388 5507 5628 5754 5869 5990 6110 6230 6351
       6470 6592 6819 6942 7062 7178 7298 7549 7662 7791 7909 8022
       8142 8257 8384 8502 8623 8739 8860 8978 $
87   39 158 284 603 728 988 1107 1220 1740 2012 2137 2853 2972 3098
       3219 3339 3456 3581 3696 4092 4212 4465 4580 4700 4825 4939
       5059 5180 5300 5419 5538 5659 5784 5901 6021 6141 6261 6381
       6502 6624 6848 6970 7090 7207 7326 7578 7694 7819 7937 8053
       8174 8291 8414 8534 8654 8771 8891 9180 $
88   44 163 248 608 694 952 1071 1701 2016 2100 2858 2977 3060 3181
       3301 3461 3540 3701 4097 4217 4433 4585 4704 4782 4944 5064
       5185 5305 5424 5543 5664 5751 5906 6026 6146 6266 6386 6507
       6629 6805 6926 7048 7164 7284 7537 7699 7778 7905 8058 8179
       8296 8419 8539 8659 8776 8896 9012 9175 $
89   54 173 297 618 741 1001 1120 1234 1752 2026 2150 2868 2987 3111
       3232 3352 3471 3594 3711 4107 4227 4478 4595 4714 4838 4954
       5074 5195 5315 5434 5553 5674 5797 5916 6036 6156 6276 6396
       6517 6639 6861 6983 7103 7220 7339 7591 7709 7832 7949 8068
       8189 8306 8429 8549 8669 8786 8906 9022 $
90   66 185 308 632 752 1012 1131 1248 1763 2091 2161 2883 3002 3122
       3243 3363 3485 3605 3723 4120 4240 4489 4609 4726 4849 4968
       5088 5209 5327 5446 5567 5688 5808 5930 6050 6170 6290 6410
       6531 6653 6872 6994 7114 7231 7350 7602 7723 7843 7960 8080
       8202 8321 8562 8682 8800 8918 9035 9151 $
91   69 188 311 635 755 1134 1249 1765 2038 2164 2885 3004 3125 3246
       3366 3488 3608 3726 4123 4243 4492 4612 4729 4852 4971 5091
       5212 5330 5449 5570 5691 5811 5933 6053 6173 6293 6413 6534
       6656 6875 6997 7117 7234 7353 7605 7726 7846 7963 8083 8205
       8324 8445 8565 8685 8803 8921 9038 9149 $
92   71 190 312 637 756 1015 1135 1250 1766 2040 2165 2886 3005 3126
       3247 3367 3490 3609 3728 4125 4245 4493 4614 4731 4853 4972
       5093 5214 5332 5451 5572 5693 5812 5935 6055 6175 6295 6415
       6536 6658 6876 6998 7118 7235 7354 7606 7728 7847 7964 8085
       8207 8325 8447 8567 8686 8804 8923 9040 $
93   72 191 313 638 757 1016 1136 1251 1767 2041 2166 2887 3006 3127
       3248 3368 3491 3610 3729 4126 4246 4494 4615 4732 4854 4973
       5094 5215 5333 5452 5573 5694 5813 5936 6056 6176 6296 6416
       6537 6659 6877 6999 7119 7236 7355 7607 7729 7848 7965 8086
       8208 8326 8448 8568 8687 8805 8924 9041 $
94   77 196 251 643 761 1020 1139 1255 1771 2046 2170 2891 3010 3131
       3252 3372 3496 3614 3734 4131 4251 4498 4620 4737 4858 4978
       5099 5220 5338 5457 5578 5699 5817 5941 6061 6181 6301 6421
       6542 6664 6880 7002 7123 7240 7359 7611 7734 7852 7969 8091
       8213 8330 8452 8573 8692 8810 8929 9046 $
95   97 216 337 663 782 1041 1160 1276 1792 2066 2191 2913 3032 3152
       3273 3393 3516 3635 3754 4151 4271 4518 4640 4757 4878 4998
       5119 5240 5358 5477 5598 5719 5838 5961 6081 6201 6321 6441
       6562 6684 6901 7023 7143 7260 7379 7632 7754 7873 7990 8111
       8233 8352 8472 8593 8712 8830 8949 9066 $
96   99 218 339 665 784 1043 1162 1278 1794 2068 2193 2915 3034 3154
       3275 3395 3518 3637 3756 4153 4273 4520 4642 4759 4880 5000
       5121 5242 5360 5479 5600 5721 5840 5963 6083 6203 6323 6443
       6564 6686 6903 7025 7145 7262 7381 7634 7756 7875 7992 8113
       8235 8354 8474 8595 8714 8832 8951 9068 $
97   102 221 344 668 789 1048 1167 1185 1799 2071 2198 2919 3038 3159
       3280 3400 3521 3642 3759 4156 4276 4524 4645 4762 4885 5003
       5124 5245 5363 5482 5603 5724 5845 5966 6086 6206 6326 6446
       6567 6689 6908 7030 7148 7267 7386 7639 7759 7880 7997 8116
       8238 8359 8477 8598 8717 8835 8954 9071 $
98   103 222 245 669 690 1068 1282 1709 2072 2103 2920 3039 3063 3178
       3304 3522 3543 3760 4157 4277 4429 4646 4763 4786 5004 5125
       5246 5364 5483 5604 5725 5747 5967 6087 6207 6327 6447 6568
       6690 6809 6930 7052 7168 7288 7541 7760 7782 7902 8117 8239
       8360 8478 8599 8718 8836 8955 9072 9125 $
99   110 229 352 676 797 1055 1175 1290 1807 2079 2206 2928 3047 3167
       3288 3408 3529 3650 3767 4164 4283 4531 4652 4770 4892 5011
       5132 5253 5371 5490 5611 5732 5853 5974 6094 6214 6334 6454
       6575 6697 6916 7038 7155 7274 7393 7647 7767 7888 8005 8124
       8246 8368 8485 8606 8724 8843 8962 9079 $
100  4 120 341 565 786 1045 1164 1279 1796 1975 2195 2916 3035 3156
       3277 3397 3420 3639 3659 4055 4174 4521 4541 4662 4882 4903
       5022 5144 5263 5382 5500 5624 5842 5863 5984 6104 6224 6345
       6464 6586 6905 7027 7264 7383 7636 7658 7877 7994 8017 8137
       8356 8379 8497 8617 8733 8855 8973 $
101  9 128 256 572 700 960 1079 1194 1712 1981 2110 2822 2939 3070
       3191 3311 3426 3552 3666 4062 4181 4437 4549 4670 4797 4908
       5029 5149 5270 5389 5508 5629 5755 5870 5991 6111 6231 6471
       6593 6820 6943 7063 7179 7299 7550 7663 7792 7910 8023 8143
       8258 8385 8503 8624 8740 8861 8979 $
102  30 149 243 594 688 951 1066 1213 1700 2003 2099 2844 2963 3059
       3182 3300 3447 3545 3687 4083 4203 4427 4571 4691 4788 4930
       5050 5171 5291 5410 5529 5650 5745 5892 6012 6132 6252 6372
       6493 6615 6811 6932 7054 7170 7290 7543 7685 7784 7900 8044
       8165 8407 8525 8645 8762 8882 9000 $
103  36 155 281 600 725 985 1104 1218 1737 2009 2134 2850 2969 3095
       3216 3336 3453 3578 3693 4089 4209 4462 4577 4697 4822 4936
       5056 5177 5297 5416 5535 5656 5781 5898 6018 6138 6258 6378
       6499 6621 6845 6967 7087 7204 7323 7575 7691 7816 7934 8050
       8171 8288 8531 8651 8768 8888 9006 $
104  41 160 286 605 730 990 1109 1222 1741 2088 2139 2855 2974 3100
       3221 3341 3458 3583 3698 4094 4214 4467 4582 4827 4941 5061
       5182 5302 5421 5540 5661 5786 5903 6023 6143 6263 6383 6504
       6626 6850 6972 7092 7209 7328 7580 7696 7821 7938 8055 8176
       8293 8416 8536 8656 8773 8893 9009 $
105  100 219 342 666 787 1046 1165 1280 1797 2069 2196 2917 3036 3157
       3278 3398 3519 3640 3757 4154 4274 4522 4643 4760 4883 5001
       5122 5243 5361 5480 5601 5722 5843 5964 6084 6204 6324 6444
       6565 6687 6906 7028 7265 7384 7637 7757 7878 7995 8114 8236
       8357 8475 8596 8715 8833 8952 9069 $
106  40 159 285 604 729 989 1108 1221 2013 2138 2854 2973 3099 3220
       3340 3457 3582 3697 4093 4213 4466 4581 4701 4826 4940 5060
       5181 5301 5420 5539 5660 5785 5902 6022 6142 6262 6382 6503
       6625 6849 6971 7091 7208 7327 7579 7695 7820 8054 8175 8292
       8415 8535 8655 8772 8892 9179 $
107  67 186 309 633 753 1013 1132 2092 2162 2884 3003 3123 3244 3364
       3486 3606 3724 4121 4241 4490 4610 4727 4850 4969 5089 5210
       5328 5447 5568 5689 5809 5931 6051 6171 6291 6411 6532 6654
       6873 6995 7115 7232 7351 7603 7724 7844 7961 8081 8203 8322
       8443 8563 8683 8801 8919 9036 $
108  114 233 356 680 801 1059 1179 1294 1811 2083 2210 2932 3051 3171
       3292 3412 3533 3654 3771 4535 4656 4774 4896 5015 5136 5257
       5375 5494 5616 5736 5857 5978 6098 6218 6338 6458 6579 6701
       6920 7042 7159 7278 7397 7651 7771 7892 8009 8128 8250 8372
       8489 8610 8847 8966 9083 9115 $
109  61 180 250 627 696 1073 1242 1704 2035 2101 2876 2995 3061 3180
       3302 3480 3538 3864 4115 4235 4380 4604 4721 4781 4963 5083
       5204 5322 5562 5683 5752 5925 6045 6165 6285 6405 6526 6648
       6803 6924 7046 7163 7282 7491 7535 7718 7776 7906 8197 8314
       8438 8557 8677 8795 9158 $
110  68 187 310 634 754 1014 1133 1764 2093 2163 3124 3245 3365 3487
       3607 3725 4122 4242 4491 4611 4728 4851 4970 5090 5211 5329
       5448 5569 5690 5810 5932 6052 6172 6292 6412 6533 6655 6874
       6996 7116 7233 7352 7604 7725 7845 7962 8082 8204 8323 8444
       8564 8684 8802 8920 9037 $
111  108 227 350 674 795 1173 1288 1805 2077 2204 2926 3045 3165 3286
       3406 3527 3648 3765 4162 4529 4768 4890 5009 5130 5251 5369
       5488 5609 5730 5851 5972 6092 6212 6332 6452 6573 6695 6914
       7036 7153 7272 7391 7645 7765 7886 8003 8122 8244 8366 8483
       8604 8841 8960 9077 9191 $
112  73 192 242 639 687 947 1065 1707 2042 2095 3055 3186 3296 3492
       3546 3730 4127 4247 4426 4616 4733 4789 4974 5095 5216 5334
       5453 5574 5695 5744 5937 6057 6177 6297 6417 6538 6660 6812
       6933 7055 7171 7291 7544 7730 7785 7899 8087 8209 8449 8569
       8688 8806 8925 9042 $
113  119 238 271 715 975 1094 1727 2087 2125 2956 3085 3206 3326 3537
       3567 4171 4290 4452 4660 4778 4812 5019 5140 5261 5379 5498
       5620 5740 5770 5982 6102 6222 6342 6462 6583 6705 6835 6958
       7078 7194 7314 7565 7775 7807 7925 8132 8254 8493 8614 8731
       8851 8970 9088 9093 $
114  302 625 746 1006 1125 1240 1757 2033 2155 2874 2993 3116 3237
       3357 3478 3599 3717 3854 4370 4483 4602 4779 4843 4961 5081
       5202 5440 5560 5681 5802 5923 6043 6163 6403 6524 6646 6866
       6988 7108 7225 7344 7481 7596 7716 7837 7954 8074 8312 8436
       8793 9029 9160 $
115  21 139 252 584 697 1075 1204 1993 2833 2951 3187 3438 3678 4074
       4193 4434 4561 4682 4920 5041 5161 5282 5401 5520 5641 5882
       6003 6123 6243 6363 6483 6605 6817 7675 8035 8155 8270 8397
       8515 8636 8752 8873 8991 9098 $
116  16 118 134 579 957 1988 2828 2946 3433 3673 3823 4069 4188 4339
       4556 4677 4915 5036 5156 5277 5396 5515 5636 5877 5998 6118
       6238 6358 6478 6600 7449 7670 8030 8150 8265 8392 8510 8631
       8747 8868 8986 9102 $
117  55 174 619 2027 2869 2988 3472 3712 3870 4108 4228 4386 4596 4715
       4955 5075 5196 5316 5435 5554 5675 5917 6037 6157 6277 6397
       6518 6640 7497 7710 8069 8190 8307 8430 8550 8670 8787 8907
       9023 9165 $
118  5 124 249 563 695 955 1072 1189 1699 1977 2105 2842 2960 3065
       3176 3306 3422 3539 4053 4172 4539 5020 5861 6343 6584 6804
       6925 7047 7283 7536 7777 8019 8139 8381 8499 8615 8857 9190 $
119  70 189 636 2039 2222 2230 3489 3727 3831 3989 4124 4244 4347 4613
       4730 5092 5213 5331 5450 5571 5692 5934 6054 6174 6294 6414
       6535 6657 7458 7727 8084 8206 8446 8566 8922 9039 $
120  317 762 1021 1140 1256 1772 2171 2892 3011 3132 3253 3373 3615
       3775 4780 4793 5499 5818 6712 6881 7003 7059 7175 7295 7612
       7853 7970 8133 8331 8971 9089 $
121  364 366 424 425 453 454 468 532 1337 1354 1405 1415 1441 1468
       1470 1511 1573 1579 1606 1634 1659 1681 1683 1898 1953 2742
       2743 2745 2757 $
122  624 1239 2032 3477 4113 4233 4601 4960 5080 5201 5559 5680 5922
       6042 6162 6282 6402 6523 6645 6939 6940 7715 8195 8435 8555
       8675 8792 8912 9028 $
123  240 684 954 1063 1188 1703 2104 3064 3177 3305 3417 3549 4423
       4544 4665 4791 5741 6815 6936 7057 7173 7293 7547 7788 7896
       8014 $
124  348 793 1052 1171 1286 1803 2202 2924 3043 3163 3284 3404 3646
       4794 5849 6912 7034 7060 7176 7296 7643 7884 8001 8364 $
125  340 785 1044 1163 1795 2194 3155 3276 3396 3638 4881 5841 6904
       7026 7146 7263 7382 7635 7876 7993 8355 $
126  529 840 1384 1614 2261 2289 2292 2321 2338 2345 2346 2681 2739
       3920 3929 4001 4014 4019 4027 4032 6726 $
127  480 537 554 1304 1428 1445 1472 1506 1623 1673 1693 1834 1862
       1904 1928 2562 $
128  1414 1658 2668 2669 2674 2683 2699 2700 2713 2734 2744 2746 2747
       2771 2788 $
129  447 1356 1379 1417 1815 1844 1897 1932 1940 1948 1964 1971 $
130  2390 2391 2392 2393 2395 2396 2397 2399 2615 2616 2617 $
131  448 489 1301 1534 1535 1570 1571 1674 1676 1691 $
132  485 901 1433 1694 1899 2334 2421 2647 4022 6707 $
133  2373 2374 2375 2428 2429 2432 2433 2434 2436 2618 $
134  390 860 1430 1582 1861 2352 2614 4012 6745 $
135  459 521 1350 1656 1878 2358 2427 2696 4044 $
136  460 1454 1600 1921 2255 3837 3913 4353 7464 $
137  2677 2711 2712 2752 2753 2754 2779 2780 2781 $
138  3781 3894 3902 4296 4409 4417 7406 7521 7529 $
139  3835 3900 3901 4351 4415 4416 7462 7527 7528 $
140  431 936 1323 1537 1882 2497 2804 6760 $
141  516 1361 1491 1821 2256 2561 2672 3914 $
142  544 1311 1324 1390 1402 1451 1561 1645 $
143  2225 2298 2313 3808 3919 4003 4324 7434 $
144  2254 3788 3840 3930 4304 4356 7414 7467 $
145  2446 2447 2448 2449 2450 2451 2452 2456 $
146  429 458 1316 1397 1398 1427 1627 $
147  449 504 1386 1488 1655 1925 2575 $
148  542 1333 1644 1919 2353 2717 4042 $
149  551 848 1404 1626 1931 2785 6768 $
150  806 2260 3776 3918 4291 6758 7401 $
151  807 881 882 883 884 885 930 $
152  822 1321 1841 2362 2703 3911 6750 $
153  829 830 831 833 834 836 837 $
154  850 3836 3895 4352 4410 7463 7522 $
155  929 1549 2303 2709 2799 3985 6780 $
156  2692 2694 2761 2762 2800 2801 2802 $
157  3890 3897 4405 4412 7517 7518 7524 $
158  408 437 442 506 1327 1593 $
159  415 1432 1533 1915 2480 2784 $
160  426 427 1336 1616 1888 2477 $
161  435 1403 1572 1930 2504 2649 $
162  446 1380 1526 1916 2559 2805 $
163  450 1467 1597 1941 2576 2710 $
164  455 1475 1522 1934 2476 2748 $
165  464 818 1442 1914 2724 6710 $
166  528 1443 1554 1624 1917 2690 $
167  538 1343 1544 1963 2548 2798 $
168  540 1328 1459 1546 1820 1918 $
169  541 1394 1548 1638 1879 1966 $
170  809 1469 1831 2273 3936 6732 $
171  815 2272 2732 2751 3938 6739 $
172  943 1331 1823 2293 3999 6735 $
173  2453 2454 2589 2630 2631 2632 $
174  360 500 501 1539 1599 $
175  362 1426 1497 1929 2772 $
176  363 1408 1615 1946 2667 $
177  368 1490 3794 4310 7420 $
178  374 1447 1577 1954 2722 $
179  376 1463 1687 1828 2682 $
180  444 1401 1524 1913 2670 $
181  445 1317 1318 1525 1912 $
182  463 1329 1886 2697 2704 $
183  471 1319 1562 1965 2688 $
184  476 2741 3795 4311 7421 $
185  481 1429 1496 1876 2560 $
186  495 1418 1668 1947 2660 $
187  505 1444 1520 1952 2588 $
188  507 1353 1636 1883 2814 $
189  509 1421 1667 1959 2689 $
190  510 1347 1547 1890 2424 $
191  520 1396 1669 1892 2708 $
192  533 1609 1612 1618 2661 $
193  536 1332 1512 1824 2527 $
194  543 1326 1486 1822 2484 $
195  552 1419 1625 1926 2470 $
196  556 1423 1482 1961 2768 $
197  870 2234 2651 3952 6767 $
198  879 909 910 911 912 $
199  900 2227 2277 2341 4028 $
200  1437 1501 1950 2233 3953 $
201  2327 3857 4037 4373 7484 $
202  367 1399 1690 2416 $
203  371 1542 1592 1652 $
204  377 1305 1686 1943 $
205  383 1485 1560 1675 $
206  401 1360 1663 1870 $
207  403 1458 1662 1895 $
208  423 1358 1551 1922 $
209  433 1315 1843 2597 $
210  466 1320 1679 1911 $
211  479 1400 1601 1949 $
212  483 1371 1620 1858 $
213  494 1385 1643 1903 $
214  518 1338 1517 1968 $
215  519 1310 1670 1848 $
216  534 1411 1489 1875 $
217  561 1334 1499 1920 $
218  562 1453 1498 1967 $
219  593 6614 8406 8761 $
220  827 2319 4017 6757 $
221  861 2218 2705 4047 $
222  865 2259 3916 6793 $
223  897 2267 3934 6801 $
224  919 2359 4043 6721 $
225  931 2315 4006 6778 $
226  2232 2237 3947 3988 $
227  2248 2284 3958 3968 $
228  2275 2355 3979 4040 $
229  2287 2297 3965 3994 $
230  2389 3789 4305 7415 $
231  2518 2520 2522 2525 $
232  2591 2593 2595 2612 $
233  3832 4348 6713 7459 $
234  387 1313 1851 $
235  412 1530 1829 $
236  436 1567 2715 $
237  452 1650 1830 $
238  474 1367 1832 $
239  475 1465 1853 $
240  549 1678 2684 $
241  559 1540 1935 $
242  560 1541 2750 $
243  814 2250 6740 $
244  847 2364 6769 $
245  859 2361 3912 $
246  945 1492 6797 $
247  1309 1845 1847 $
248  1357 1863 2571 $
249  1457 1896 2570 $
250  1462 1827 2565 $
251  2258 2300 3982 $
252  2318 3961 4010 $
253  2519 2521 2524 $
254  2592 2594 2596 $
255  2625 2626 2627 $
256  2633 2634 2635 $
257  3777 4292 7402 $
258  3782 4297 7407 $
259  3784 4300 7410 $
260  3785 4301 7411 $
261  3787 4303 7413 $
262  3797 4313 7423 $
263  3798 4314 7424 $
264  3799 4315 7425 $
265  3801 4317 7427 $
266  3806 4322 7432 $
267  3809 4325 7435 $
268  3810 4326 7436 $
269  3814 4330 7440 $
270  3819 4335 7445 $
271  3822 4338 7448 $
272  3825 4341 7451 $
273  3828 4344 7454 $
274  3829 4345 7456 $
275  3830 4346 7457 $
276  3834 4350 7461 $
277  3838 4354 7465 $
278  3839 4355 7466 $
279  3841 4357 7468 $
280  3861 4377 7488 $
281  3862 4378 7489 $
282  3863 4379 7490 $
283  3871 4387 7498 $
284  3872 4388 7499 $
285  3873 4389 7500 $
286  3876 4392 7503 $
287  3877 4393 7504 $
288  3878 4394 7505 $
289  3880 4396 7507 $
290  3881 4397 7508 $
291  3883 4399 7510 $
292  3885 4400 7512 $
293  3886 4401 7513 $
294  3887 4402 7514 $
295  3888 4403 7515 $
296  3889 4404 7516 $
297  3898 4413 7525 $
298  3905 4420 7532 $
299  4298 7408 9155 $
300  237 1199 $
301  361 1372 $
302  369 1689 $
303  373 1630 $
304  375 1299 $
305  379 1631 $
306  384 1607 $
307  386 1584 $
308  393 1580 $
309  399 1666 $
310  402 1476 $
311  404 1661 $
312  407 1464 $
313  409 1654 $
314  411 1532 $
315  414 1527 $
316  419 1559 $
317  420 1558 $
318  428 1362 $
319  451 1581 $
320  456 1523 $
321  457 1647 $
322  461 1565 $
323  465 1495 $
324  470 1438 $
325  472 1483 $
326  477 1603 $
327  478 1602 $
328  490 1611 $
329  498 1682 $
330  499 1677 $
331  502 1684 $
332  514 1509 $
333  522 1500 $
334  525 1479 $
335  526 1660 $
336  531 1610 $
337  539 1474 $
338  545 1352 $
339  546 1649 $
340  555 1507 $
341  557 1484 $
342  558 1553 $
343  812 6741 $
344  817 6711 $
345  819 6709 $
346  824 6753 $
347  843 6724 $
348  856 6718 $
349  867 6795 $
350  872 891 $
351  875 6786 $
352  878 6789 $
353  892 2719 $
354  893 6719 $
355  905 6784 $
356  907 6785 $
357  908 6765 $
358  916 6723 $
359  920 6782 $
360  921 6781 $
361  922 6777 $
362  926 6774 $
363  927 928 $
364  934 6762 $
365  940 6764 $
366  1302 1840 $
367  1303 1842 $
368  1312 1850 $
369  1330 1962 $
370  1339 1923 $
371  1342 1854 $
372  1345 1881 $
373  1346 1818 $
374  1348 1891 $
375  1349 1825 $
376  1363 1872 $
377  1376 1855 $
378  1387 1909 $
379  1388 1864 $
380  1393 1816 $
381  1409 1945 $
382  1410 1646 $
383  1413 1957 $
384  1434 1900 $
385  1435 1504 $
386  1439 1874 $
387  1440 1884 $
388  1449 1817 $
389  1455 1942 $
390  1460 1901 $
391  1513 1515 $
392  1514 1516 $
393  1528 1633 $
394  1543 1653 $
395  1555 1970 $
396  1590 2371 $
397  2215 4051 $
398  2216 4050 $
399  2219 4046 $
400  2220 3926 $
401  2221 3927 $
402  2223 3928 $
403  2224 3922 $
404  2226 3944 $
405  2229 3946 $
406  2231 3923 $
407  2235 3950 $
408  2236 3951 $
409  2239 3948 $
410  2240 3949 $
411  2242 3987 $
412  2243 3986 $
413  2244 3990 $
414  2245 3992 $
415  2247 3939 $
416  2249 3940 $
417  2251 3941 $
418  2252 3942 $
419  2263 3924 $
420  2266 3933 $
421  2271 3976 $
422  2276 3980 $
423  2278 3974 $
424  2279 3972 $
425  2280 3971 $
426  2281 3970 $
427  2282 3969 $
428  2285 3967 $
429  2286 3966 $
430  2291 3995 $
431  2294 3998 $
432  2295 3997 $
433  2296 4000 $
434  2299 3993 $
435  2301 3983 $
436  2305 3955 $
437  2306 3956 $
438  2310 3964 $
439  2312 4002 $
440  2314 4005 $
441  2317 4009 $
442  2325 4039 $
443  2326 4038 $
444  2329 4036 $
445  2331 4034 $
446  2335 4021 $
447  2336 4023 $
448  2337 4026 $
449  2340 4025 $
450  2342 4030 $
451  2347 4018 $
452  2354 4041 $
453  2360 4048 $
454  2363 3910 $
455  2365 3909 $
456  2407 2420 $
457  2463 2464 $
458  2489 2491 $
459  2534 2535 $
460  2577 2578 $
461  2579 2580 $
462  2601 2608 $
463  2639 2641 $
464  2676 2737 $
465  2720 2721 $
466  2777 2787 $
467  2786 2812 $
468  2961 8280 $
469  3572 5775 $
470  3884 7511 $
471  6730 6731 $
472  9148 9150 $
473  148 $
474  372 $
475  378 $
476  380 $
477  381 $
478  388 $
479  389 $
480  391 $
481  392 $
482  395 $
483  396 $
484  397 $
485  398 $
486  400 $
487  413 $
488  416 $
489  417 $
490  418 $
491  430 $
492  432 $
493  434 $
494  441 $
495  443 $
496  462 $
497  467 $
498  469 $
499  473 $
500  482 $
501  486 $
502  487 $
503  492 $
504  493 $
505  497 $
506  503 $
507  512 $
508  523 $
509  530 $
510  547 $
511  550 $
512  553 $
513  805 $
514  810 $
515  811 $
516  813 $
517  816 $
518  821 $
519  823 $
520  825 $
521  828 $
522  832 $
523  835 $
524  838 $
525  841 $
526  842 $
527  844 $
528  845 $
529  849 $
530  853 $
531  854 $
532  862 $
533  871 $
534  874 $
535  886 $
536  887 $
537  890 $
538  895 $
539  896 $
540  898 $
541  899 $
542  902 $
543  904 $
544  906 $
545  914 $
546  915 $
547  917 $
548  923 $
549  924 $
550  925 $
551  932 $
552  935 $
553  937 $
554  938 $
555  939 $
556  941 $
557  942 $
558  944 $
559  1292 $
560  1306 $
561  1307 $
562  1308 $
563  1325 $
564  1335 $
565  1351 $
566  1365 $
567  1368 $
568  1369 $
569  1373 $
570  1374 $
571  1375 $
572  1381 $
573  1382 $
574  1391 $
575  1406 $
576  1407 $
577  1412 $
578  1422 $
579  1424 $
580  1431 $
581  1446 $
582  1448 $
583  1450 $
584  1452 $
585  1466 $
586  1471 $
587  1480 $
588  1481 $
589  1487 $
590  1493 $
591  1503 $
592  1505 $
593  1519 $
594  1521 $
595  1529 $
596  1531 $
597  1545 $
598  1552 $
599  1557 $
600  1563 $
601  1564 $
602  1566 $
603  1568 $
604  1569 $
605  1574 $
606  1575 $
607  1576 $
608  1578 $
609  1583 $
610  1586 $
611  1587 $
612  1589 $
613  1591 $
614  1594 $
615  1595 $
616  1596 $
617  1604 $
618  1608 $
619  1613 $
620  1617 $
621  1621 $
622  1622 $
623  1637 $
624  1639 $
625  1641 $
626  1642 $
627  1657 $
628  1664 $
629  1665 $
630  1671 $
631  1680 $
632  1685 $
633  1695 $
634  1833 $
635  1835 $
636  1838 $
637  1846 $
638  1849 $
639  1852 $
640  1865 $
641  1868 $
642  1869 $
643  1871 $
644  1877 $
645  1889 $
646  1894 $
647  1902 $
648  1910 $
649  1924 $
650  1933 $
651  1944 $
652  1951 $
653  1955 $
654  1956 $
655  1958 $
656  1960 $
657  1969 $
658  2002 $
659  2238 $
660  2241 $
661  2246 $
662  2283 $
663  2322 $
664  2323 $
665  2324 $
666  2328 $
667  2343 $
668  2349 $
669  2351 $
670  2356 $
671  2357 $
672  2366 $
673  2368 $
674  2369 $
675  2370 $
676  2372 $
677  2376 $
678  2377 $
679  2378 $
680  2379 $
681  2380 $
682  2381 $
683  2382 $
684  2383 $
685  2384 $
686  2385 $
687  2386 $
688  2387 $
689  2388 $
690  2394 $
691  2398 $
692  2400 $
693  2401 $
694  2402 $
695  2403 $
696  2404 $
697  2406 $
698  2408 $
699  2409 $
700  2410 $
701  2411 $
702  2412 $
703  2413 $
704  2415 $
705  2418 $
706  2419 $
707  2422 $
708  2423 $
709  2425 $
710  2426 $
711  2430 $
712  2431 $
713  2435 $
714  2437 $
715  2438 $
716  2439 $
717  2440 $
718  2441 $
719  2442 $
720  2443 $
721  2444 $
722  2445 $
723  2455 $
724  2457 $
725  2458 $
726  2461 $
727  2462 $
728  2465 $
729  2466 $
730  2467 $
731  2468 $
732  2469 $
733  2471 $
734  2472 $
735  2473 $
736  2474 $
737  2475 $
738  2479 $
739  2482 $
740  2483 $
741  2485 $
742  2486 $
743  2487 $
744  2488 $
745  2490 $
746  2492 $
747  2493 $
748  2495 $
749  2496 $
750  2498 $
751  2500 $
752  2501 $
753  2502 $
754  2503 $
755  2505 $
756  2508 $
757  2509 $
758  2510 $
759  2511 $
760  2512 $
761  2514 $
762  2515 $
763  2516 $
764  2517 $
765  2523 $
766  2526 $
767  2528 $
768  2529 $
769  2530 $
770  2531 $
771  2532 $
772  2533 $
773  2536 $
774  2537 $
775  2538 $
776  2539 $
777  2540 $
778  2541 $
779  2542 $
780  2543 $
781  2544 $
782  2545 $
783  2546 $
784  2547 $
785  2549 $
786  2550 $
787  2553 $
788  2554 $
789  2555 $
790  2557 $
791  2563 $
792  2568 $
793  2569 $
794  2572 $
795  2573 $
796  2574 $
797  2581 $
798  2582 $
799  2583 $
800  2584 $
801  2585 $
802  2586 $
803  2587 $
804  2590 $
805  2598 $
806  2599 $
807  2600 $
808  2602 $
809  2604 $
810  2605 $
811  2606 $
812  2607 $
813  2609 $
814  2610 $
815  2613 $
816  2619 $
817  2620 $
818  2621 $
819  2622 $
820  2623 $
821  2624 $
822  2628 $
823  2629 $
824  2636 $
825  2637 $
826  2638 $
827  2640 $
828  2642 $
829  2643 $
830  2646 $
831  2648 $
832  2650 $
833  2652 $
834  2653 $
835  2657 $
836  2659 $
837  2662 $
838  2663 $
839  2664 $
840  2665 $
841  2666 $
842  2671 $
843  2673 $
844  2679 $
845  2685 $
846  2686 $
847  2687 $
848  2693 $
849  2695 $
850  2698 $
851  2701 $
852  2702 $
853  2706 $
854  2707 $
855  2716 $
856  2723 $
857  2725 $
858  2726 $
859  2727 $
860  2728 $
861  2729 $
862  2730 $
863  2731 $
864  2736 $
865  2738 $
866  2740 $
867  2756 $
868  2758 $
869  2763 $
870  2764 $
871  2766 $
872  2767 $
873  2769 $
874  2770 $
875  2773 $
876  2775 $
877  2776 $
878  2778 $
879  2782 $
880  2783 $
881  2789 $
882  2790 $
883  2791 $
884  2793 $
885  2794 $
886  2796 $
887  2803 $
888  2807 $
889  2808 $
890  2809 $
891  2810 $
892  2811 $
893  2813 $
894  2815 $
895  2817 $
896  2838 $
897  3917 $
898  3925 $
899  3937 $
900  3960 $
901  3963 $
902  3973 $
903  3981 $
904  3991 $
905  4007 $
906  4015 $
907  4024 $
908  4045 $
909  4202 $
910  4570 $
911  4929 $
912  5170 $
913  5380 $
914  5613 $
915  5891 $
916  6283 $
917  6492 $
918  6714 $
919  6715 $
920  6725 $
921  6733 $
922  6736 $
923  6737 $
924  6738 $
925  6742 $
926  6743 $
927  6746 $
928  6747 $
929  6749 $
930  6751 $
931  6752 $
932  6754 $
933  6756 $
934  6761 $
935  6770 $
936  6771 $
937  6773 $
938  6775 $
939  6776 $
940  6779 $
941  6783 $
942  6798 $
943  6802 $
944  7455 $
945  7684 $
946  8164 $
947  8279 $
948  8282 $
949  8342 $
950  8343 $
951  8524 $
952  9105 $
953  9123 $
954  9178 $
955  9181 $
956  9189 $
)
