# cline: mcl ./orthofinder_2_mpagrus1/Results_Jan14/WorkingDirectory/OrthoFinder_graph.txt "-I" "1.5" "-o" "./orthofinder_2_mpagrus1/Results_Jan14/WorkingDirectory/clusters_OrthoFinder_I1.5.txt" "-te" "6" "-V" "all"
(mclheader
mcltype matrix
dimensions 6707x148
)
(mclmatrix
begin
0    2 172 244 365 481 647 720 883 957 1121 1240 1313 1442 1554 1724
       1804 1964 2083 2203 2273 2439 2558 2638 2798 2918 3039 3159
       3278 3397 3518 3591 3760 3880 4000 4120 4240 4361 4483 4564
       4685 4807 4923 5043 5162 5322 5403 5515 5681 5802 5919 6042
       6162 6282 6399 6519 6635 $
1    5 125 247 366 484 603 723 834 958 1137 1256 1314 1441 1555 1675
       1801 1918 2037 2156 2276 2391 2512 2635 2749 2872 2990 3113
       3232 3350 3470 3594 3713 3834 3954 4074 4195 4314 4436 4561
       4682 4804 4920 5040 5159 5273 5400 5518 5632 5752 5935 5994
       6112 6236 6352 6470 6592 $
2    12 201 319 437 556 672 789 907 1031 1148 1267 1388 1509 1629 1753
       1871 1991 2111 2231 2346 2468 2585 2706 2826 2947 3068 3186
       3305 3426 3547 3665 3789 3909 4029 4149 4269 4390 4512 4631
       4753 4874 4991 5110 5228 5351 5469 5586 5708 5830 5947 6069
       6190 6309 6427 6546 6663 $
3    15 128 256 375 494 609 728 840 969 1077 1194 1325 1446 1566 1681
       1807 1921 2040 2159 2283 2395 2516 2643 2754 2875 2995 3116
       3235 3354 3475 3601 3716 3837 3957 4077 4198 4317 4439 4569
       4692 4812 4928 5048 5165 5278 5407 5525 5638 5758 5873 6000
       6118 6239 6355 6476 6594 $
4    16 129 257 376 495 610 729 841 970 1078 1195 1326 1447 1567 1682
       1808 1922 2041 2160 2284 2396 2517 2644 2755 2876 2996 3117
       3236 3355 3476 3602 3717 3838 3958 4078 4199 4318 4440 4570
       4693 4813 4929 5049 5166 5279 5408 5526 5639 5759 5874 6001
       6119 6240 6356 6477 6595 $
5    18 131 259 378 497 612 731 843 972 1075 1197 1328 1449 1569 1684
       1810 1924 2043 2162 2286 2398 2519 2646 2757 2878 2998 3119
       3238 3357 3478 3604 3719 3840 3960 4080 4200 4320 4442 4572
       4695 4815 4931 5051 5168 5281 5410 5528 5641 5761 5876 6003
       6121 6242 6358 6479 6597 $
6    20 133 261 380 499 613 733 845 974 1081 1199 1330 1451 1571 1686
       1812 1926 2045 2164 2288 2400 2521 2648 2759 2880 3000 3121
       3240 3359 3480 3606 3721 3842 3962 4082 4202 4322 4444 4574
       4697 4817 4933 5053 5170 5283 5412 5530 5643 5763 5878 6005
       6123 6244 6360 6481 6599 $
7    21 134 262 381 500 614 734 846 975 1082 1200 1331 1452 1572 1687
       1813 1927 2046 2165 2289 2401 2522 2649 2760 2881 3001 3122
       3241 3360 3481 3607 3722 3843 3963 4083 4203 4323 4445 4575
       4698 4818 4934 5054 5171 5284 5413 5531 5644 5764 5879 6006
       6124 6245 6361 6482 6600 $
8    22 135 263 382 501 615 735 847 976 1083 1201 1332 1453 1573 1688
       1814 1928 2047 2166 2290 2402 2523 2650 2761 2882 3002 3123
       3242 3361 3482 3608 3723 3844 3964 4084 4204 4324 4446 4576
       4699 4819 4935 5055 5172 5285 5414 5532 5645 5765 5880 6007
       6125 6246 6362 6483 6601 $
9    24 138 265 384 503 617 737 850 978 1086 1204 1334 1455 1575 1691
       1816 1931 2050 2169 2292 2405 2526 2652 2764 2885 3005 3126
       3245 3364 3485 3610 3726 3847 3967 4087 4207 4327 4449 4578
       4701 4821 4937 5057 5174 5288 5416 5534 5648 5768 5883 6010
       6128 6249 6365 6486 6604 $
10   25 139 266 385 504 618 738 851 979 1087 1205 1335 1456 1576 1692
       1817 1932 2051 2170 2293 2406 2527 2653 2765 2886 3006 3127
       3246 3365 3486 3611 3727 3848 3968 4088 4208 4328 4450 4579
       4702 4822 4938 5058 5175 5289 5417 5535 5649 5769 5884 6011
       6129 6250 6366 6487 6605 $
11   26 140 267 386 505 619 739 852 980 1088 1206 1336 1457 1577 1693
       1818 1933 2052 2171 2294 2407 2528 2654 2766 2887 3007 3128
       3247 3366 3487 3612 3728 3849 3969 4089 4209 4329 4451 4580
       4703 4823 4939 5059 5176 5290 5418 5536 5650 5770 5885 6012
       6130 6251 6367 6488 6606 $
12   27 141 268 387 506 620 740 853 981 1089 1207 1337 1458 1578 1694
       1819 1934 2053 2172 2295 2408 2529 2655 2767 2888 3008 3129
       3248 3367 3488 3613 3729 3850 3970 4090 4210 4330 4452 4581
       4704 4824 4940 5060 5177 5291 5419 5537 5651 5771 5886 6013
       6131 6252 6368 6489 6607 $
13   28 143 269 388 507 604 741 855 982 1091 1209 1338 1459 1579 1696
       1820 1936 2055 2174 2296 2410 2531 2656 2769 2890 3010 3131
       3250 3369 3490 3614 3731 3852 3972 4092 4212 4332 4454 4582
       4705 4825 4941 5061 5178 5293 5420 5538 5653 5773 5888 6015
       6133 6254 6370 6491 6609 $
14   29 144 270 389 508 622 742 856 983 1092 1210 1339 1460 1580 1697
       1821 1937 2056 2175 2297 2411 2532 2657 2770 2891 3011 3132
       3251 3370 3491 3615 3732 3853 3973 4093 4213 4333 4455 4583
       4706 4826 4942 5062 5179 5294 5421 5539 5654 5774 5889 6016
       6134 6255 6371 6492 6610 $
15   30 145 271 390 509 623 743 857 984 1093 1211 1340 1461 1581 1698
       1822 1938 2057 2176 2298 2412 2533 2658 2771 2892 3012 3133
       3252 3371 3492 3616 3733 3854 3974 4094 4214 4334 4456 4584
       4707 4827 4943 5063 5180 5295 5422 5540 5655 5775 5890 6017
       6135 6256 6372 6493 6611 $
16   31 146 272 391 510 624 744 858 985 1094 1212 1341 1462 1582 1699
       1823 1939 2058 2177 2299 2413 2534 2659 2772 2893 3013 3134
       3253 3372 3493 3617 3734 3855 3975 4095 4215 4335 4457 4585
       4708 4828 4944 5064 5181 5296 5423 5541 5656 5776 5891 6018
       6136 6257 6373 6494 6612 $
17   33 147 274 393 512 626 746 859 987 1096 1214 1343 1464 1584 1700
       1825 1940 2059 2178 2301 2414 2535 2661 2773 2894 3014 3135
       3254 3373 3494 3619 3735 3856 3976 4096 4216 4336 4458 4587
       4710 4830 4946 5066 5183 5297 5425 5543 5657 5777 5893 6019
       6137 6258 6374 6495 6613 $
18   34 148 275 394 513 627 747 860 988 1097 1215 1344 1465 1585 1701
       1826 1941 2060 2179 2302 2415 2536 2662 2774 2895 3015 3136
       3255 3374 3495 3620 3736 3857 3977 4097 4217 4337 4459 4588
       4711 4831 4947 5067 5184 5298 5426 5544 5658 5778 5894 6020
       6138 6259 6375 6496 6614 $
19   36 150 277 396 515 629 749 862 989 1100 1219 1346 1467 1587 1703
       1828 1943 2062 2181 2304 2417 2538 2664 2776 2897 3017 3138
       3257 3376 3497 3622 3738 3859 3979 4099 4219 4339 4461 4590
       4712 4832 4949 5069 5186 5300 5427 5545 5660 5780 5898 6022
       6140 6261 6377 6498 6616 $
20   37 153 278 397 516 631 750 865 990 1102 1221 1347 1468 1588 1705
       1830 1945 2064 2184 2305 2420 2540 2665 2779 2899 3020 3140
       3259 3378 3499 3624 3741 3861 3981 4101 4221 4342 4464 4591
       4713 4833 4950 5070 5187 5303 5428 5546 5662 5783 5900 6025
       6143 6263 6380 6500 6618 $
21   38 154 279 398 517 632 751 866 991 1103 1222 1348 1469 1589 1706
       1831 1946 2065 2185 2306 2421 2541 2666 2780 2900 3021 3141
       3260 3379 3500 3625 3742 3862 3982 4102 4222 4343 4465 4592
       4714 4834 4951 5071 5188 5304 5429 5547 5663 5784 5901 6026
       6144 6264 6381 6501 6619 $
22   39 155 280 399 518 633 752 867 992 1104 1223 1349 1470 1590 1707
       1832 1947 2066 2186 2307 2422 2542 2667 2781 2901 3022 3142
       3261 3380 3501 3626 3743 3863 3983 4103 4223 4344 4466 4593
       4715 4835 4952 5072 5189 5305 5430 5548 5664 5785 5902 6027
       6145 6265 6382 6502 6620 $
23   41 157 282 401 520 607 754 869 994 1106 1225 1351 1472 1592 1709
       1834 1949 2068 2188 2309 2424 2544 2669 2783 2903 3024 3144
       3263 3382 3503 3628 3745 3865 3985 4105 4225 4346 4468 4595
       4717 4837 4954 5073 5191 5307 5432 5550 5666 5787 5904 6029
       6147 6267 6384 6504 6622 $
24   44 160 285 404 523 636 757 872 997 1109 1228 1354 1475 1595 1712
       1837 1952 2071 2191 2312 2427 2547 2672 2786 2906 3027 3147
       3266 3385 3506 3631 3748 3868 3988 4108 4228 4349 4471 4598
       4720 4840 4957 5076 5194 5310 5435 5553 5669 5790 5907 6030
       6150 6270 6387 6507 6625 $
25   48 164 289 408 527 640 760 875 1001 1113 1232 1358 1479 1599 1716
       1841 1956 2075 2195 2316 2431 2550 2676 2790 2910 3031 3151
       3270 3389 3510 3635 3752 3872 3992 4112 4232 4353 4475 4602
       4724 4844 4961 5080 5198 5314 5439 5556 5673 5794 5911 6034
       6154 6274 6391 6511 6627 $
26   49 165 290 409 528 641 761 876 1002 1114 1233 1359 1480 1600 1717
       1842 1957 2076 2196 2317 2432 2551 2677 2791 2911 3032 3152
       3271 3390 3511 3636 3753 3873 3993 4113 4233 4354 4476 4603
       4725 4845 4962 5081 5199 5315 5440 5557 5674 5795 5912 6035
       6155 6275 6392 6512 6628 $
27   50 167 291 410 529 642 762 878 1003 1116 1235 1360 1481 1601 1719
       1843 1959 2078 2198 2318 2434 2553 2678 2793 2913 3034 3154
       3273 3392 3513 3637 3755 3875 3995 4115 4235 4356 4478 4604
       4726 4846 4963 5082 5200 5317 5441 5558 5676 5797 5914 6037
       6157 6277 6394 6514 6630 $
28   51 168 292 411 530 643 763 879 1004 1117 1236 1361 1482 1602 1720
       1844 1960 2079 2199 2319 2435 2554 2679 2794 2914 3035 3155
       3274 3393 3514 3638 3756 3876 3996 4116 4236 4357 4479 4605
       4727 4847 4964 5083 5201 5318 5442 5559 5677 5798 5915 6038
       6158 6278 6395 6515 6631 $
29   52 169 293 412 531 644 764 880 1005 1118 1237 1362 1483 1603 1721
       1845 1961 2080 2200 2320 2436 2555 2680 2795 2915 3036 3156
       3275 3394 3515 3639 3757 3877 3997 4117 4237 4358 4480 4606
       4728 4848 4965 5084 5202 5319 5443 5560 5678 5799 5916 6039
       6159 6279 6396 6516 6632 $
30   53 170 294 413 532 645 765 881 1006 1119 1238 1363 1484 1604 1722
       1846 1962 2081 2201 2321 2437 2556 2681 2796 2916 3037 3157
       3276 3395 3516 3640 3758 3878 3998 4118 4238 4359 4481 4607
       4729 4849 4966 5085 5203 5320 5444 5561 5679 5800 5917 6040
       6160 6280 6397 6517 6633 $
31   54 171 295 414 533 646 766 882 1007 1120 1239 1364 1485 1605 1723
       1847 1963 2082 2202 2322 2438 2557 2682 2797 2917 3038 3158
       3277 3396 3517 3641 3759 3879 3999 4119 4239 4360 4482 4608
       4730 4850 4967 5086 5204 5321 5445 5562 5680 5801 5918 6041
       6161 6281 6398 6518 6634 $
32   55 173 296 415 534 648 767 884 1008 1122 1241 1365 1486 1606 1725
       1848 1965 2084 2204 2323 2440 2559 2683 2799 2919 3040 3160
       3279 3398 3519 3642 3761 3881 4001 4121 4241 4362 4484 4609
       4731 4851 4968 5087 5205 5323 5446 5563 5682 5803 5920 6043
       6163 6283 6400 6520 6636 $
33   56 174 297 416 535 649 768 885 1009 1123 1242 1366 1487 1607 1726
       1849 1966 2085 2205 2324 2441 2560 2684 2800 2920 3041 3161
       3280 3399 3520 3643 3762 3882 4002 4122 4242 4363 4485 4610
       4732 4852 4969 5088 5206 5324 5447 5564 5683 5804 5921 6044
       6164 6284 6401 6521 6637 $
34   57 175 298 417 536 650 769 886 1010 1124 1243 1367 1488 1608 1727
       1850 1967 2086 2206 2325 2442 2561 2685 2801 2921 3042 3162
       3281 3400 3521 3644 3763 3883 4003 4123 4243 4364 4486 4611
       4733 4853 4970 5089 5207 5325 5448 5565 5684 5805 5922 6045
       6165 6285 6402 6522 6638 $
35   58 176 299 418 537 651 770 887 1011 1125 1244 1368 1489 1609 1728
       1851 1968 2087 2207 2326 2443 2562 2686 2802 2922 3043 3163
       3282 3401 3522 3645 3764 3884 4004 4124 4244 4365 4487 4612
       4734 4854 4971 5090 5208 5326 5449 5566 5685 5806 5923 6046
       6166 6286 6403 6523 6639 $
36   59 178 300 419 538 652 771 889 1012 1127 1246 1369 1490 1610 1730
       1852 1970 2089 2209 2327 2445 2564 2687 2804 2924 3045 3165
       3284 3403 3524 3646 3766 3886 4006 4126 4246 4367 4489 4613
       4735 4855 4972 5091 5209 5328 5450 5567 5687 5808 5925 6048
       6168 6288 6405 6525 6641 $
37   60 179 301 420 539 653 772 890 1013 1128 1247 1370 1491 1611 1731
       1853 1971 2090 2210 2328 2446 2565 2688 2805 2925 3046 3166
       3285 3404 3525 3647 3767 3887 4007 4127 4247 4368 4490 4614
       4736 4856 4973 5092 5210 5329 5451 5568 5688 5809 5926 6049
       6169 6289 6406 6526 6642 $
38   61 180 302 421 540 654 773 891 1014 1129 1248 1371 1492 1612 1732
       1854 1972 2091 2211 2329 2447 2566 2689 2806 2926 3047 3167
       3286 3405 3526 3648 3768 3888 4008 4128 4248 4369 4491 4615
       4737 4857 4974 5093 5211 5330 5452 5569 5689 5810 5927 6050
       6170 6290 6407 6527 6643 $
39   62 181 303 422 541 655 774 892 1015 1130 1249 1372 1493 1613 1733
       1855 1973 2092 2212 2330 2448 2567 2690 2807 2927 3048 3168
       3287 3406 3527 3649 3769 3889 4009 4129 4249 4370 4492 4616
       4738 4858 4975 5094 5212 5331 5453 5570 5690 5811 5928 6051
       6171 6291 6408 6528 6644 $
40   64 184 305 424 543 658 776 895 1017 1132 1251 1374 1495 1615 1736
       1857 1975 2094 2214 2332 2451 2568 2692 2810 2930 3051 3169
       3289 3409 3530 3651 3772 3892 4012 4132 4252 4373 4495 4618
       4740 4860 4977 5096 5214 5334 5455 5572 5692 5813 5930 6054
       6173 6293 6411 6530 6647 $
41   65 186 306 425 544 660 777 897 1018 1134 1253 1375 1496 1616 1738
       1858 1976 2096 2216 2333 2453 2570 2693 2812 2932 3053 3171
       3290 3411 3532 3652 3774 3894 4014 4134 4254 4375 4497 4619
       4741 4861 4978 5097 5215 5336 5456 5573 5693 5815 5932 6056
       6175 6295 6413 6531 6648 $
42   66 187 307 426 545 661 778 898 1019 1135 1254 1376 1497 1617 1739
       1859 1977 2097 2217 2334 2454 2571 2694 2813 2933 3054 3172
       3291 3412 3533 3653 3775 3895 4015 4135 4255 4376 4498 4620
       4742 4862 4979 5098 5216 5337 5457 5574 5694 5816 5933 6057
       6176 6296 6414 6532 6649 $
43   67 188 308 427 546 662 779 950 1020 1136 1255 1377 1498 1618 1740
       1860 1978 2098 2218 2335 2455 2572 2695 2814 2934 3055 3173
       3292 3413 3534 3654 3776 3896 4016 4136 4256 4377 4499 4621
       4743 4863 4980 5099 5217 5338 5458 5575 5695 5817 5934 6058
       6177 6297 6415 6533 6650 $
44   68 189 309 428 547 664 780 951 1021 1139 1258 1378 1499 1619 1741
       1861 1979 2099 2219 2336 2456 2573 2696 2815 2935 3056 3174
       3293 3414 3535 3655 3777 3897 4017 4137 4257 4378 4500 4622
       4744 4864 4981 5100 5218 5339 5459 5576 5696 5818 5937 6059
       6178 6298 6416 6534 6651 $
45   73 195 314 432 552 667 784 901 1026 1143 1262 1383 1504 1624 1747
       1866 1985 2105 2225 2341 2462 2579 2701 2820 2941 3062 3180
       3299 3420 3541 3660 3783 3903 4023 4143 4263 4384 4506 4627
       4749 4869 4986 5105 5223 5345 5464 5581 5702 5824 5942 6064
       6184 6303 6421 6540 6657 $
46   74 196 315 433 553 668 785 902 1027 1144 1263 1384 1505 1625 1748
       1867 1986 2106 2226 2342 2463 2580 2702 2821 2942 3063 3181
       3300 3421 3542 3661 3784 3904 4024 4144 4264 4385 4507 4628
       4750 4870 4987 5106 5224 5346 5465 5582 5703 5825 5943 6065
       6185 6304 6422 6541 6658 $
47   76 199 317 435 554 670 787 905 1029 1146 1265 1386 1507 1627 1751
       1869 1989 2109 2229 2344 2466 2583 2704 2824 2945 3066 3184
       3303 3424 3545 3663 3787 3907 4027 4147 4267 4388 4510 4629
       4751 4872 4989 5108 5226 5349 5467 5584 5706 5828 5945 6067
       6188 6307 6425 6544 6661 $
48   77 200 318 436 555 671 788 906 1030 1147 1266 1387 1508 1628 1752
       1870 1990 2110 2230 2345 2467 2584 2705 2825 2946 3067 3185
       3304 3425 3546 3664 3788 3908 4028 4148 4268 4389 4511 4630
       4752 4873 4990 5109 5227 5350 5468 5585 5707 5829 5946 6068
       6189 6308 6426 6545 6662 $
49   79 202 321 439 558 674 791 908 1033 1150 1269 1390 1511 1631 1754
       1873 1992 2112 2232 2347 2469 2586 2707 2827 2948 3069 3187
       3306 3427 3548 3667 3790 3910 4030 4150 4270 4391 4513 4633
       4755 4875 4992 5111 5230 5352 5471 5588 5709 5831 5949 6070
       6191 6310 6428 6547 6664 $
50   80 203 322 440 559 675 792 909 1034 1151 1270 1391 1512 1632 1755
       1874 1993 2113 2233 2348 2470 2587 2708 2828 2949 3070 3188
       3307 3428 3549 3668 3791 3911 4031 4151 4271 4392 4514 4634
       4756 4876 4993 5112 5231 5353 5472 5589 5710 5832 5950 6071
       6192 6311 6429 6548 6665 $
51   81 204 323 441 560 676 793 910 1035 1152 1271 1392 1513 1633 1756
       1875 1994 2114 2234 2349 2471 2588 2709 2829 2950 3071 3189
       3308 3429 3550 3669 3792 3912 4032 4152 4272 4393 4515 4635
       4757 4877 4994 5113 5232 5354 5473 5590 5711 5833 5951 6072
       6193 6312 6430 6549 6666 $
52   82 205 324 442 561 677 794 911 1036 1153 1272 1393 1514 1634 1757
       1876 1995 2115 2235 2350 2472 2589 2710 2830 2951 3072 3190
       3309 3430 3551 3670 3793 3913 4033 4153 4273 4394 4516 4636
       4758 4878 4995 5114 5233 5355 5474 5591 5712 5834 5952 6073
       6194 6313 6431 6550 6667 $
53   83 206 325 443 562 600 795 912 1037 1154 1273 1394 1515 1635 1758
       1877 1996 2116 2236 2351 2473 2590 2711 2831 2952 3073 3191
       3310 3431 3552 3671 3794 3914 4034 4154 4274 4395 4517 4637
       4759 4879 4996 5115 5234 5356 5475 5592 5713 5835 5953 6074
       6195 6314 6432 6551 6668 $
54   84 207 326 444 563 678 796 913 1038 1155 1274 1395 1516 1636 1759
       1878 1997 2117 2237 2352 2474 2591 2712 2832 2953 3074 3192
       3311 3432 3553 3672 3795 3915 4035 4155 4275 4396 4518 4638
       4760 4880 4997 5116 5235 5357 5476 5593 5714 5836 5954 6075
       6196 6315 6433 6552 6669 $
55   85 208 327 445 564 679 797 914 1039 1156 1275 1396 1517 1637 1760
       1879 1998 2118 2238 2353 2475 2592 2713 2833 2954 3075 3193
       3312 3433 3554 3673 3796 3916 4036 4156 4276 4397 4519 4639
       4761 4881 4998 5117 5236 5358 5477 5594 5715 5837 5955 6076
       6197 6316 6434 6553 6670 $
56   86 209 328 446 565 680 798 915 1040 1157 1276 1397 1518 1638 1761
       1880 1999 2119 2239 2354 2476 2593 2714 2834 2955 3076 3194
       3313 3434 3555 3674 3797 3917 4037 4157 4277 4398 4520 4640
       4762 4882 4999 5118 5237 5359 5478 5595 5716 5838 5956 6077
       6198 6317 6435 6554 6671 $
57   87 210 329 447 566 681 799 916 1041 1158 1277 1398 1519 1639 1762
       1881 2000 2120 2240 2355 2477 2594 2715 2835 2956 3077 3195
       3314 3435 3556 3675 3798 3918 4038 4158 4278 4399 4521 4641
       4763 4883 5000 5119 5238 5360 5479 5596 5717 5839 5957 6078
       6199 6318 6436 6555 6672 $
58   88 211 330 448 567 682 800 917 1042 1159 1278 1399 1520 1640 1763
       1882 2001 2121 2241 2356 2478 2595 2716 2836 2957 3078 3196
       3315 3436 3557 3676 3799 3919 4039 4159 4279 4400 4522 4642
       4764 4884 5001 5120 5239 5361 5480 5597 5718 5840 5958 6079
       6200 6319 6437 6556 6673 $
59   90 124 332 450 569 685 802 835 1044 1162 1281 1401 1522 1642 1676
       1884 1917 2036 2155 2358 2390 2511 2718 2750 2871 2991 3112
       3231 3352 3471 3678 3712 3833 3953 4073 4194 4313 4435 4644
       4766 4886 5003 5122 5241 5274 5482 5599 5633 5753 5961 5995
       6113 6235 6351 6471 6591 $
60   91 214 333 451 570 686 803 920 1045 1163 1282 1402 1523 1643 1766
       1885 2004 2124 2244 2359 2481 2598 2719 2839 2960 3081 3199
       3318 3439 3560 3679 3802 3922 4042 4162 4282 4403 4525 4645
       4767 4887 5004 5123 5242 5364 5483 5600 5721 5843 5962 6082
       6203 6322 6440 6559 6676 $
61   92 215 334 452 571 687 804 921 1046 1164 1283 1403 1524 1644 1767
       1886 2005 2125 2245 2360 2482 2599 2720 2840 2961 3082 3200
       3319 3440 3561 3680 3803 3923 4043 4163 4283 4404 4526 4646
       4768 4888 5005 5124 5243 5365 5484 5601 5722 5844 5963 6083
       6204 6323 6441 6560 6677 $
62   93 216 335 453 572 688 805 922 1047 1165 1284 1404 1525 1645 1768
       1887 2006 2126 2246 2361 2483 2600 2721 2841 2962 3083 3201
       3320 3441 3562 3681 3804 3924 4044 4164 4284 4405 4527 4647
       4769 4889 5006 5125 5244 5366 5485 5602 5723 5845 5964 6084
       6205 6324 6442 6561 6678 $
63   94 217 336 454 573 689 806 923 1048 1166 1285 1405 1526 1646 1769
       1888 2007 2127 2247 2362 2484 2601 2722 2842 2963 3084 3202
       3321 3442 3563 3682 3805 3925 4045 4165 4285 4406 4528 4648
       4770 4890 5007 5126 5245 5367 5486 5603 5724 5846 5965 6085
       6206 6325 6443 6562 6679 $
64   95 218 337 455 574 690 807 924 1049 1167 1286 1406 1527 1647 1770
       1889 2008 2128 2248 2363 2485 2602 2723 2843 2964 3085 3203
       3322 3443 3564 3683 3806 3926 4046 4166 4286 4407 4529 4649
       4771 4891 5008 5127 5246 5368 5487 5604 5725 5847 5966 6086
       6207 6326 6444 6563 6680 $
65   96 219 338 456 575 691 808 925 1050 1168 1287 1407 1528 1648 1771
       1890 2009 2129 2249 2364 2486 2603 2724 2844 2965 3086 3204
       3323 3444 3565 3684 3807 3927 4047 4167 4287 4408 4530 4650
       4772 4892 5009 5128 5247 5369 5488 5605 5726 5848 5967 6087
       6208 6327 6445 6564 6681 $
66   97 220 339 457 576 692 809 926 1051 1169 1288 1408 1529 1649 1772
       1891 2010 2130 2250 2365 2487 2604 2725 2845 2966 3087 3205
       3324 3445 3566 3685 3808 3928 4048 4168 4288 4409 4531 4651
       4773 4893 5010 5129 5248 5370 5489 5606 5727 5849 5968 6088
       6209 6328 6446 6565 6682 $
67   98 221 340 458 577 693 810 927 1052 1170 1289 1409 1530 1650 1773
       1892 2011 2131 2251 2366 2488 2605 2726 2846 2967 3088 3206
       3325 3446 3567 3686 3809 3929 4049 4169 4289 4410 4532 4652
       4774 4894 5011 5130 5249 5371 5490 5607 5728 5850 5969 6089
       6210 6329 6447 6566 6683 $
68   99 222 341 459 578 694 811 928 1053 1171 1290 1410 1531 1651 1774
       1893 2012 2132 2252 2367 2489 2606 2727 2847 2968 3089 3207
       3326 3447 3568 3687 3810 3930 4050 4170 4290 4411 4533 4653
       4775 4895 5012 5131 5250 5372 5491 5608 5729 5851 5970 6090
       6211 6330 6448 6567 6684 $
69   100 223 342 460 579 695 812 929 1054 1172 1291 1411 1532 1652
       1775 1894 2013 2133 2253 2368 2490 2607 2728 2848 2969 3090
       3208 3327 3448 3569 3688 3811 3931 4051 4171 4291 4412 4534
       4654 4776 4896 5013 5132 5251 5373 5492 5609 5730 5852 5971
       6091 6212 6331 6449 6568 6685 $
70   104 225 346 464 583 698 816 931 1058 1175 1294 1415 1536 1656
       1777 1898 2015 2135 2255 2371 2492 2609 2732 2850 2971 3092
       3210 3329 3450 3571 3692 3813 3933 4053 4173 4293 4414 4536
       4658 4780 4898 5017 5136 5255 5375 5496 5613 5732 5854 5975
       6093 6214 6333 6451 6570 6687 $
71   105 226 347 465 584 602 817 932 1059 1176 1295 1416 1537 1657
       1778 1899 2016 2136 2256 2372 2493 2610 2733 2851 2972 3093
       3211 3330 3451 3572 3693 3814 3934 4054 4174 4294 4415 4537
       4659 4781 4899 5018 5137 5256 5376 5497 5614 5733 5855 5976
       6094 6215 6334 6452 6571 6688 $
72   106 228 348 466 585 700 818 934 1060 1178 1297 1417 1538 1658
       1780 1900 2018 2138 2258 2373 2495 2612 2734 2853 2974 3095
       3213 3332 3453 3574 3694 3816 3936 4056 4176 4296 4417 4539
       4660 4782 4900 5019 5138 5257 5378 5498 5615 5735 5857 5978
       6096 6217 6336 6454 6573 6690 $
73   107 229 349 467 586 701 819 935 1061 1179 1298 1418 1539 1659
       1781 1901 2019 2139 2259 2374 2496 2613 2735 2854 2975 3096
       3214 3333 3454 3575 3695 3817 3937 4057 4177 4297 4418 4540
       4661 4783 4901 5020 5139 5258 5379 5499 5616 5736 5858 5979
       6097 6218 6337 6455 6574 6691 $
74   108 230 350 468 587 702 820 936 1062 1180 1299 1419 1540 1660
       1782 1902 2020 2140 2260 2375 2497 2614 2736 2855 2976 3097
       3215 3334 3455 3576 3696 3818 3938 4058 4178 4298 4419 4541
       4662 4784 4902 5021 5140 5259 5380 5500 5617 5737 5859 5980
       6098 6219 6338 6456 6575 6692 $
75   110 231 352 470 589 704 822 937 1064 1182 1301 1421 1542 1662
       1783 1904 2021 2141 2261 2376 2498 2615 2737 2856 2977 3098
       3216 3335 3456 3577 3698 3819 3939 4059 4179 4299 4420 4542
       4664 4786 4903 5022 5141 5261 5381 5502 5619 5738 5860 5982
       6099 6220 6339 6457 6576 6693 $
76   112 233 354 471 591 706 824 939 1066 1184 1303 1423 1544 1664
       1785 1906 2023 2143 2262 2378 2499 2617 2739 2858 2979 3100
       3218 3337 3458 3579 3700 3821 3941 4061 4181 4301 4422 4544
       4666 4788 4905 5024 5143 5263 5383 5504 5621 5740 5862 5984
       6101 6222 6340 6459 6578 6695 $
77   113 234 355 472 592 707 825 940 1067 1185 1304 1424 1545 1665
       1786 1907 2024 2144 2263 2379 2500 2618 2740 2859 2980 3101
       3219 3338 3459 3580 3701 3822 3942 4062 4182 4302 4423 4545
       4667 4789 4906 5025 5144 5264 5384 5505 5622 5741 5863 5985
       6102 6223 6341 6460 6579 6696 $
78   114 235 356 473 593 708 826 941 1068 1186 1305 1425 1546 1666
       1787 1908 2025 2145 2264 2380 2501 2619 2741 2860 2981 3102
       3220 3339 3460 3581 3702 3823 3943 4063 4183 4303 4424 4546
       4668 4790 4907 5026 5145 5265 5385 5506 5623 5742 5864 5986
       6103 6224 6342 6461 6580 6697 $
79   116 237 358 475 595 710 828 943 1070 1188 1307 1427 1548 1668
       1789 1910 2027 2147 2266 2382 2503 2621 2743 2862 2983 3104
       3222 3341 3463 3583 3704 3825 3945 4065 4185 4305 4426 4548
       4670 4792 4909 5028 5147 5267 5387 5508 5625 5744 5866 5988
       6105 6226 6344 6463 6582 6699 $
80   118 239 360 477 597 712 830 945 1072 1190 1309 1429 1550 1670
       1791 1912 2029 2148 2267 2384 2505 2623 2745 2864 2985 3106
       3224 3343 3465 3585 3706 3827 3947 4067 4187 4307 4428 4550
       4672 4794 4911 5030 5149 5269 5389 5510 5627 5746 5868 5990
       6107 6228 6345 6465 6584 6701 $
81   119 240 361 478 598 713 831 946 1073 1191 1310 1430 1551 1671
       1792 1913 2030 2149 2268 2385 2506 2624 2746 2865 2986 3107
       3225 3344 3466 3586 3707 3828 3948 4068 4188 4308 4429 4551
       4673 4795 4912 5031 5150 5270 5390 5511 5628 5747 5869 5991
       6108 6229 6346 6466 6585 6702 $
82   4 152 246 368 483 630 718 864 960 1101 1220 1316 1439 1557 1704
       1802 1944 2063 2183 2275 2419 2539 2636 2778 2898 3019 3139
       3258 3377 3498 3593 3740 3860 3980 4100 4220 4341 4463 4562
       4683 4805 4921 5041 5160 5302 5401 5517 5661 5782 6024 6142
       6262 6379 6499 6617 $
83   6 227 248 485 699 727 933 964 1177 1296 1320 1435 1561 1779 1800
       2017 2137 2257 2277 2494 2611 2634 2852 2973 3094 3212 3331
       3452 3573 3595 3815 3935 4055 4175 4295 4416 4538 4560 4681
       4803 4919 5039 5158 5377 5399 5519 5734 5856 5977 6095 6216
       6335 6453 6572 6689 $
84   7 213 249 370 486 684 726 919 963 1161 1280 1319 1436 1560 1765
       1799 2003 2123 2243 2278 2480 2597 2633 2838 2959 3080 3198
       3317 3438 3559 3596 3801 3921 4041 4161 4281 4402 4524 4559
       4680 4802 4918 5038 5157 5363 5398 5520 5720 5842 6081 6202
       6321 6439 6558 6675 $
85   8 127 251 373 487 608 715 839 967 1076 1193 1323 1432 1564 1680
       1798 1920 2039 2158 2280 2394 2515 2631 2753 2874 2994 3115
       3234 3353 3474 3598 3715 3836 3956 4076 4197 4316 4438 4557
       4678 4800 4916 5036 5155 5277 5396 5637 5757 5872 5999 6117
       6238 6354 6475 6593 $
86   9 166 252 369 488 719 877 961 1115 1234 1317 1438 1558 1718 1797
       1958 2077 2197 2281 2433 2552 2630 2792 2912 3033 3153 3272
       3391 3512 3599 3754 3874 3994 4114 4234 4355 4477 4556 4677
       4799 4915 5035 5154 5316 5395 5522 5675 5796 5913 6036 6156
       6276 6393 6513 6629 $
87   14 122 250 363 493 663 724 837 955 1138 1257 1324 1445 1565 1678
       1915 2034 2153 2279 2388 2509 2632 2752 2869 2993 3110 3229
       3351 3473 3597 3710 3831 3951 4071 4192 4311 4433 4558 4679
       4801 4917 5037 5156 5276 5397 5521 5635 5755 5936 5997 6115
       6233 6349 6473 6589 $
88   17 130 258 377 496 611 730 842 971 1079 1196 1327 1448 1568 1683
       1809 1923 2042 2161 2285 2397 2518 2645 2756 2877 2997 3118
       3237 3356 3477 3603 3718 3839 3959 4079 4319 4441 4571 4694
       4814 4930 5050 5167 5280 5409 5527 5640 5760 5875 6002 6120
       6241 6357 6478 6596 $
89   19 132 260 379 498 732 844 973 1080 1198 1329 1450 1570 1685 1811
       1925 2044 2163 2287 2399 2520 2647 2758 2879 2999 3120 3239
       3358 3479 3605 3720 3841 3961 4081 4201 4321 4443 4573 4696
       4816 4932 5052 5169 5282 5411 5529 5642 5762 5877 6004 6122
       6243 6359 6480 6598 $
90   23 136 264 383 502 736 848 977 1084 1202 1333 1454 1574 1689 1815
       1929 2048 2167 2291 2403 2524 2651 2762 2883 3003 3124 3243
       3362 3483 3609 3724 3845 3965 4085 4205 4325 4447 4577 4700
       4820 4936 5056 5173 5286 5415 5533 5646 5766 5881 6008 6126
       6247 6363 6484 6602 $
91   35 149 276 395 514 628 748 861 968 1098 1216 1345 1466 1586 1702
       1827 1942 2061 2180 2303 2416 2537 2663 2775 2896 3016 3137
       3256 3375 3496 3621 3737 3858 3978 4098 4218 4338 4460 4589
       4689 4948 5068 5185 5299 5406 5524 5659 5779 5895 6021 6139
       6260 6376 6497 6615 $
92   40 156 281 400 519 634 753 868 993 1105 1224 1350 1471 1591 1708
       1833 1948 2067 2187 2308 2423 2543 2668 2782 2902 3023 3143
       3262 3381 3502 3627 3744 3864 3984 4104 4224 4345 4467 4594
       4716 4836 4953 5190 5306 5431 5549 5665 5786 5903 6028 6146
       6266 6383 6503 6621 $
93   42 158 283 402 521 635 755 870 995 1107 1226 1352 1473 1593 1710
       1835 1950 2069 2189 2310 2425 2545 2670 2784 2904 3025 3145
       3264 3383 3504 3629 3746 3866 3986 4106 4226 4347 4469 4596
       4718 4838 4955 5074 5192 5308 5433 5551 5667 5788 5905 6148
       6268 6385 6505 6623 $
94   43 159 284 403 522 601 756 871 996 1108 1227 1353 1474 1594 1711
       1836 1951 2070 2190 2311 2426 2546 2671 2785 2905 3026 3146
       3265 3384 3505 3630 3747 3867 3987 4107 4227 4348 4470 4597
       4719 4839 4956 5075 5193 5309 5434 5552 5668 5789 5906 6149
       6269 6386 6506 6624 $
95   45 161 286 405 524 637 758 873 998 1110 1229 1355 1476 1596 1713
       1838 1953 2072 2192 2313 2428 2548 2673 2787 2907 3028 3148
       3267 3386 3507 3632 3749 3869 3989 4109 4229 4350 4472 4599
       4721 4841 4958 5077 5195 5311 5436 5554 5670 5791 5908 6031
       6151 6271 6388 6508 $
96   47 163 288 407 526 639 759 949 1000 1112 1231 1357 1478 1598 1715
       1840 1955 2074 2194 2315 2430 2675 2789 2909 3030 3150 3269
       3388 3509 3634 3751 3871 3991 4111 4231 4352 4474 4601 4723
       4843 4960 5079 5197 5313 5438 5555 5672 5793 5910 6033 6153
       6273 6390 6510 6626 $
97   69 190 310 429 548 665 781 952 1022 1140 1259 1379 1500 1620 1742
       1862 1980 2100 2220 2337 2457 2574 2697 2816 2936 3057 3175
       3294 3415 3536 3656 3778 3898 4018 4138 4258 4379 4501 4623
       4745 4865 4982 5101 5219 5340 5460 5577 5697 5819 5938 6179
       6299 6417 6535 6652 $
98   72 193 313 551 666 783 899 1025 1142 1261 1382 1503 1623 1745
       1865 1983 2103 2223 2340 2460 2577 2700 2819 2939 3060 3178
       3297 3418 3539 3659 3781 3901 4021 4141 4261 4382 4504 4626
       4748 4868 4985 5104 5222 5343 5463 5580 5700 5822 5941 6062
       6182 6302 6420 6538 6655 $
99   75 198 316 434 491 669 786 904 1028 1145 1264 1385 1506 1626 1750
       1868 1988 2108 2228 2343 2465 2582 2703 2823 2944 3065 3183
       3302 3423 3544 3662 3786 3906 4026 4146 4266 4387 4509 4567
       4688 4871 4988 5107 5225 5348 5466 5583 5705 5827 5944 6187
       6306 6424 6543 6660 $
100  89 212 331 449 568 683 801 918 1043 1160 1279 1400 1521 1641 1764
       1883 2002 2122 2242 2357 2479 2596 2717 2837 2958 3079 3197
       3316 3437 3558 3677 3800 3920 4040 4160 4280 4401 4523 4643
       4765 4885 5002 5121 5240 5362 5481 5598 5719 5841 6080 6201
       6320 6438 6557 6674 $
101  102 123 344 462 581 696 814 836 1056 1173 1292 1413 1534 1654
       1677 1896 1916 2035 2154 2369 2389 2510 2730 2751 2870 2992
       3111 3230 3348 3472 3690 3711 3832 3952 4072 4193 4312 4434
       4656 4778 5015 5134 5253 5275 5494 5611 5634 5754 5973 5996
       6114 6234 6350 6472 6590 $
102  103 224 345 463 582 697 815 930 1057 1174 1293 1414 1535 1655
       1776 1897 2014 2134 2254 2370 2491 2608 2731 2849 2970 3091
       3209 3328 3449 3570 3691 3812 3932 4052 4172 4292 4413 4535
       4657 4779 5016 5135 5254 5374 5495 5612 5731 5853 5974 6092
       6213 6332 6450 6569 6686 $
103  115 236 357 474 594 827 942 1069 1187 1306 1426 1547 1667 1788
       1909 2026 2146 2265 2381 2502 2620 2742 2861 2982 3103 3221
       3340 3462 3582 3703 3824 3944 4064 4184 4304 4425 4547 4669
       4791 4908 5027 5146 5266 5386 5507 5624 5743 5865 5987 6104
       6225 6343 6462 6581 6698 $
104  120 241 362 599 714 832 947 1074 1192 1311 1431 1552 1672 1793
       1914 2031 2150 2269 2386 2507 2625 2747 2866 2987 3108 3226
       3345 3467 3587 3708 3829 3949 4069 4189 4309 4430 4552 4674
       4796 4913 5032 5151 5271 5391 5512 5629 5748 5870 5992 6109
       6230 6347 6467 6586 6703 $
105  0 126 243 367 479 625 716 833 959 1315 1440 1556 1673 1805 1919
       2038 2157 2272 2393 2514 2640 2748 2873 2989 3114 3233 3349
       3469 3590 3714 3835 3955 4075 4196 4315 4437 4565 4686 4809
       4925 5045 5163 5272 5404 5514 5630 5751 5892 5993 6111 6237
       6353 6469 6704 $
106  70 191 311 430 549 953 1023 1141 1260 1380 1501 1621 1743 1863
       1981 2101 2221 2338 2458 2575 2698 2817 2937 3058 3176 3295
       3416 3537 3657 3779 3899 4019 4139 4259 4380 4502 4624 4746
       4866 4983 5102 5220 5341 5461 5578 5698 5820 5939 6060 6180
       6300 6418 6536 6653 $
107  46 162 287 406 525 638 874 999 1111 1230 1356 1477 1597 1714 1839
       1954 2073 2193 2314 2429 2549 2674 2788 2908 3029 3149 3268
       3387 3508 3633 3750 3870 3990 4110 4230 4351 4473 4600 4722
       4842 4959 5078 5196 5312 5437 5671 5792 5909 6032 6152 6272
       6389 6509 $
108  71 192 312 431 550 782 954 1024 1381 1502 1622 1744 1864 1982
       2102 2222 2339 2459 2576 2699 2818 2938 3059 3177 3296 3417
       3538 3658 3780 3900 4020 4140 4260 4381 4503 4625 4747 4867
       4984 5103 5221 5342 5462 5579 5699 5821 5940 6061 6181 6301
       6419 6537 6654 $
109  117 238 359 476 596 711 829 944 1071 1189 1308 1428 1549 1669
       1790 1911 2028 2383 2504 2622 2744 2863 2984 3105 3223 3342
       3464 3584 3705 3826 3946 4066 4186 4306 4427 4549 4671 4793
       4910 5029 5148 5268 5388 5509 5626 5745 5867 5989 6106 6227
       6464 6583 6700 $
110  3 197 245 364 482 725 903 956 1312 1443 1553 1749 1803 1987 2107
       2227 2274 2464 2581 2637 2822 2943 3064 3182 3301 3422 3543
       3592 3785 3905 4025 4145 4265 4386 4508 4563 4684 4806 4922
       5042 5161 5347 5402 5516 5704 5826 6066 6186 6305 6423 6542
       6659 $
111  111 232 353 590 705 823 938 1065 1183 1302 1422 1543 1663 1784
       1905 2022 2142 2377 2616 2738 2857 2978 3099 3217 3336 3457
       3578 3699 3820 3940 4060 4180 4300 4421 4543 4665 4787 4904
       5023 5142 5262 5382 5503 5620 5739 5861 5983 6100 6221 6458
       6577 6694 $
112  32 273 392 511 745 948 986 1213 1342 1463 1583 1794 1824 2151
       2270 2300 2508 2626 2660 2867 2988 3109 3227 3346 3468 3588
       3618 3830 3950 4070 4190 4310 4431 4553 4586 4709 4829 4945
       5065 5182 5392 5424 5542 5749 5871 6110 6231 6348 6468 6587
       6705 $
113  11 185 254 490 659 722 896 962 1133 1252 1318 1437 1559 1737 1795
       2095 2215 2452 2569 2629 2811 2931 3052 3170 3410 3531 3600
       3773 3893 4013 4133 4253 4374 4496 4554 4675 4797 4914 5033
       5152 5335 5393 5523 5814 5931 6055 6174 6294 6412 $
114  63 183 304 423 542 657 775 894 1016 1131 1250 1373 1494 1614 1735
       1856 1974 2331 2450 2627 2691 2809 2929 3050 3288 3408 3529
       3650 3771 3891 4011 4251 4372 4494 4617 4739 4859 4976 5095
       5213 5333 5454 5571 5691 5929 6053 6410 6646 $
115  13 142 255 492 621 854 1090 1208 1444 1695 1935 2054 2173 2282
       2409 2530 2768 2889 3009 3130 3249 3368 3489 3730 3851 3971
       4091 4211 4331 4453 4568 5292 5652 5772 5887 6014 6132 6253
       6369 6490 6608 $
116  10 121 253 372 489 606 717 838 966 1099 1217 1322 1433 1563 1679
       1796 2033 2152 2387 2868 3709 4191 4432 4555 4676 4798 5034
       5153 5394 5636 5756 5998 6116 6232 6474 $
117  137 374 849 1085 1203 1690 1930 2049 2168 2404 2525 2763 2884
       3004 3125 3244 3363 3484 3725 3846 3966 4086 4206 4326 4448
       5287 5647 5767 5882 6009 6127 6248 6364 6485 6603 $
118  177 888 1126 1245 1729 1969 2088 2208 2444 2563 2803 2923 3044
       3164 3283 3402 3523 3765 3885 4005 4125 4245 4366 4488 5327
       5686 5807 5924 6047 6167 6287 6404 6524 6640 $
119  78 320 438 557 673 790 1032 1149 1268 1389 1510 1630 1872 2032
       2628 2641 3347 3666 4632 4754 4810 4926 5046 5229 5470 5587
       5750 5948 6588 6706 $
120  182 656 893 1734 2093 2213 2449 2808 2928 3049 3407 3528 3770
       3890 4010 4130 4250 4371 4493 4690 4691 5332 5812 6052 6172
       6292 6409 6529 6645 $
121  194 900 1746 1984 2104 2224 2461 2578 2940 3061 3179 3298 3419
       3540 3782 3902 4022 4142 4262 4383 4505 5344 5701 5823 6063
       6183 6539 6656 $
122  1 242 371 480 605 721 965 1321 1434 1562 1674 1806 2271 2392 2513
       2639 3589 4566 4687 4808 4924 5044 5164 5405 5513 5631 $
123  109 351 469 588 703 821 1063 1181 1300 1420 1541 1661 1903 2642
       3697 4663 4785 4811 4927 5047 5260 5501 5618 5981 $
124  101 343 461 580 813 1055 1412 1533 1653 1895 2729 3689 4655 4777
       4897 5014 5133 5252 5493 5610 5972 $
125  151 4462 6023 6378 $
126  1218 5897 $
127  1829 3623 $
128  616 $
129  709 $
130  863 $
131  1095 $
132  2182 $
133  2418 $
134  2777 $
135  3018 $
136  3228 $
137  3461 $
138  3739 $
139  4131 $
140  4340 $
141  5301 $
142  5781 $
143  5896 $
144  5899 $
145  5959 $
146  5960 $
147  6141 $
)
