# cline: mcl ./orthofinder/Results_Sep04/WorkingDirectory/OrthoFinder_graph.txt "-I" "1.5" "-o" "./orthofinder/Results_Sep04/WorkingDirectory/clusters_OrthoFinder_I1.5.txt" "-te" "6" "-V" "all"
(mclheader
mcltype matrix
dimensions 5433x935
)
(mclmatrix
begin
0    78 151 236 413 497 614 729 854 1118 1153 1245 1451 1517 1730 1864
       2030 2031 2232 2351 2476 2595 2714 2829 2953 3068 3185 3409
       3463 3595 3709 3827 3946 4038 4160 4277 4394 4508 4625 4739
       4876 4994 5111 5226 5341 $
1    34 223 452 486 603 717 938 1148 1234 1331 1507 1719 1937 2042
       2218 2336 2465 2584 2703 2817 2941 3056 3198 3285 3398 3476
       3584 3696 3815 3935 4085 4149 4267 4384 4497 4614 4752 4865
       4984 5101 5214 5326 $
2    46 216 399 481 597 711 879 1049 1228 1405 1502 1697 1702 1845
       2192 2211 2329 2459 2578 2697 2810 2935 3049 3204 3386 3482
       3578 3689 3808 3929 4081 4143 4261 4378 4491 4608 4758 4859
       4978 5095 5207 5319 $
3    164 235 407 496 613 728 853 990 1164 1244 1392 1516 1736 1997
       2061 2231 2350 2475 2594 2713 2828 2952 3067 3284 3391 3561
       3594 3708 3826 3945 4122 4159 4276 4393 4507 4624 4839 4875
       4993 5110 5225 5340 $
4    175 313 464 569 685 801 933 1005 1142 1316 1439 1589 1706 1880
       2104 2311 2430 2549 2668 2787 2906 3026 3143 3224 3394 3502
       3665 3786 3901 4017 4119 4232 4349 4463 4579 4696 4779 4949
       5067 5183 5301 5422 $
5    5 269 376 525 642 758 929 1205 1272 1417 1544 1693 1953 2178 2264
       2383 2504 2623 2742 2862 2981 3099 3161 3335 3439 3623 3742
       3857 3974 4039 4188 4305 4422 4536 4653 4715 4904 5022 5138
       5257 5373 $
6    10 229 432 492 609 723 811 991 1240 1379 1513 1716 1950 2141 2225
       2343 2471 2590 2709 2823 2947 3062 3190 3413 3468 3590 3702
       3821 3941 4088 4155 4273 4390 4503 4620 4744 4871 4990 5107
       5220 5333 $
7    22 262 371 520 637 751 877 1007 1267 1385 1540 1643 1893 2064
       2258 2377 2499 2618 2737 2855 2976 3094 3245 3293 3523 3618
       3735 3852 3969 4050 4183 4300 4417 4531 4648 4800 4899 5017
       5133 5252 5367 $
8    25 321 437 576 693 808 949 1098 1324 1399 1597 1655 1952 2151
       2319 2438 2557 2676 2795 2914 3034 3151 3225 3355 3503 3673
       3793 3909 4025 4044 4240 4357 4471 4587 4704 4780 4957 5075
       5191 5309 5430 $
9    45 322 358 577 694 809 868 1141 1325 1420 1598 1690 1885 2040
       2320 2439 2558 2677 2796 2915 3035 3152 3157 3332 3434 3674
       3794 3910 4026 4049 4241 4358 4472 4588 4705 4710 4958 5076
       5192 5310 5431 $
10   62 239 382 500 617 699 969 1063 1248 1448 1520 1639 1989 2066
       2235 2354 2479 2598 2717 2832 2956 3071 3271 3321 3548 3598
       3712 3830 3949 4114 4163 4280 4397 4511 4628 4826 4879 4997
       5114 5229 5344 $
11   80 307 370 563 679 795 813 1101 1310 1351 1583 1694 1803 2146
       2304 2423 2543 2662 2781 2900 3020 3137 3220 3337 3498 3660
       3780 3895 4012 4051 4226 4343 4458 4574 4691 4775 4943 5061
       5177 5295 5415 $
12   124 215 387 480 596 710 883 1132 1227 1369 1501 1650 1892 2181
       2210 2328 2458 2577 2696 2809 2934 3048 3205 3309 3483 3577
       3688 3807 3928 4118 4142 4260 4377 4490 4607 4759 4858 4977
       5094 5206 5318 $
13   136 289 408 543 660 775 974 1185 1290 1338 1563 1674 1942 2135
       2284 2403 2523 2642 2761 2882 3000 3119 3237 3382 3515 3641
       3762 3877 3992 4121 4206 4323 4440 4554 4671 4792 4923 5041
       5157 5277 5394 $
14   148 293 339 547 663 779 902 1161 1294 1378 1567 1660 1800 2202
       2288 2407 2527 2646 2765 2886 3004 3123 3231 3313 3509 3645
       3766 3881 3996 4030 4210 4327 4444 4558 4675 4786 4927 5045
       5161 5281 5398 $
15   155 237 396 498 615 730 891 1021 1246 1372 1518 1656 1938 2119
       2233 2352 2477 2596 2715 2830 2954 3069 3270 3353 3547 3596
       3710 3828 3947 4110 4161 4278 4395 4509 4626 4825 4877 4995
       5112 5227 5342 $
16   157 213 377 478 594 708 908 1031 1225 1449 1499 1676 1846 2145
       2204 2326 2456 2575 2694 2807 2932 3046 3164 3374 3442 3575
       3686 3805 3926 4066 4140 4258 4375 4488 4605 4718 4856 4975
       5092 5204 5316 $
17   188 241 388 502 619 696 986 1201 1250 1349 1522 1648 1944 2100
       2237 2356 2481 2600 2719 2834 2958 3073 3274 3299 3551 3600
       3714 3832 3951 4028 4165 4282 4399 4513 4630 4829 4881 4999
       5116 5231 5346 $
18   61 290 395 544 661 776 905 1069 1291 1371 1564 1725 2077 2285
       2404 2524 2643 2762 2883 3001 3120 3236 3407 3514 3642 3763
       3878 3993 4109 4207 4324 4441 4555 4672 4791 4924 5042 5158
       5278 5395 $
19   79 312 392 567 683 799 890 1015 1314 1368 1587 1734 2121 2309
       2428 2547 2666 2785 2905 3024 3142 3223 3389 3501 3664 3785
       3900 4016 4056 4230 4347 4462 4578 4695 4778 4947 5065 5181
       5300 5420 $
20   128 297 422 551 667 784 896 1209 1298 1450 1571 1654 2183 2293
       2412 2531 2650 2769 2890 3008 3127 3227 3356 3505 3649 3770
       3885 4000 4042 4214 4331 4448 4562 4679 4782 4931 5049 5165
       5285 5403 $
21   167 232 365 495 612 726 872 1051 1243 1419 1515 1651 1899 2229
       2348 2474 2593 2712 2826 2950 3065 3211 3310 3489 3593 3705
       3824 3944 4094 4158 4275 4392 4506 4623 4766 4874 4992 5109
       5223 5338 $
22   153 250 385 510 627 740 827 1023 1257 1530 1688 1867 2246 2365
       2489 2608 2727 2843 2966 3082 3260 3362 3538 3608 3723 3840
       3959 4116 4173 4290 4407 4521 4638 4815 4889 5007 5123 5240
       5355 $
23   131 280 374 533 766 835 1111 1280 1397 1553 1603 1791 2041 2274
       2393 2513 2632 2751 2873 2990 3110 3171 3427 3449 3632 3753
       3868 3983 4070 4431 4545 4662 4725 4913 5031 5147 5268 5384 $
24   281 534 651 767 1281 1554 2275 2394 2514 2633 2752 2874 2991 3111
       3159 3272 3280 3436 3549 3557 3633 3754 3869 3984 4197 4314
       4432 4546 4663 4712 4827 4835 4914 5032 5148 5269 5385 $
25   214 479 595 709 1226 1500 1600 2209 2327 2457 2576 2695 2808 2933
       3047 3276 3282 3430 3553 3559 3576 3687 3806 3927 4141 4259
       4376 4489 4606 4831 4837 4857 4976 5093 5205 5317 $
26   50 270 526 643 759 857 1145 1273 1418 1545 2265 2384 2505 2624
       2743 2863 2982 3100 3174 3452 3624 3743 3858 3975 4189 4306
       4423 4537 4654 4728 4905 5023 5139 5258 5374 $
27   291 345 545 662 777 1292 1565 1614 2286 2405 2525 2644 2763 2884
       3002 3121 3234 3323 3512 3643 3764 3879 3994 4077 4208 4325
       4442 4556 4673 4789 4925 5043 5159 5279 5396 $
28   310 383 565 681 797 1312 1585 1718 2307 2426 2545 2664 2783 2903
       3022 3140 3221 3411 3499 3662 3783 3898 4014 4113 4228 4345
       4460 4576 4693 4776 4945 5063 5179 5298 5418 $
29   253 513 630 743 1260 1533 1695 2249 2368 2492 2611 2730 2846 2969
       3085 3257 3340 3535 3611 3726 3843 3962 4112 4176 4293 4410
       4524 4641 4812 4892 5010 5126 5243 5358 $
30   209 327 467 582 704 1213 1487 2205 2322 2444 2563 2682 2803 2920
       3042 3180 3458 3563 3682 3801 3914 4128 4246 4363 4476 4593
       4734 4844 4963 5080 5200 5312 $
31   210 475 591 705 1222 1496 2206 2323 2453 2572 2691 2804 2929 3043
       3181 3459 3572 3683 3802 3923 4137 4255 4372 4485 4602 4735
       4853 4972 5089 5201 5313 $
32   221 484 601 715 1232 1505 2216 2334 2463 2582 2701 2815 2939 3054
       3199 3477 3582 3694 3813 3933 4147 4265 4382 4495 4612 4753
       4863 4982 5099 5212 5324 $
33   222 485 602 716 1233 1506 2217 2335 2464 2583 2702 2816 2940 3055
       3158 3435 3583 3695 3814 3934 4148 4266 4383 4496 4613 4711
       4864 4983 5100 5213 5325 $
34   226 488 605 719 1236 1509 2221 2339 2467 2586 2705 2820 2943 3059
       3195 3473 3586 3699 3818 3937 4151 4269 4386 4499 4616 4749
       4867 4986 5103 5217 5329 $
35   227 489 606 720 1237 1510 2222 2340 2468 2587 2706 2821 2944 3060
       3194 3472 3587 3700 3819 3938 4152 4270 4387 4500 4617 4748
       4868 4987 5104 5218 5330 $
36   228 490 607 721 1238 1511 2223 2341 2469 2588 2707 2822 2945 3061
       3193 3471 3588 3701 3820 3939 4153 4271 4388 4501 4618 4747
       4869 4988 5105 5219 5331 $
37   230 493 610 724 1241 1514 2226 2344 2472 2591 2710 2824 2948 3063
       3189 3467 3591 3703 3822 3942 4156 4274 4391 4504 4621 4743
       4872 4991 5108 5221 5334 $
38   238 499 616 731 1247 1519 2234 2353 2478 2597 2716 2831 2955 3070
       3156 3433 3597 3711 3829 3948 4162 4279 4396 4510 4627 4709
       4878 4996 5113 5228 5343 $
39   242 503 620 733 1251 1523 2238 2357 2482 2601 2720 2835 2959 3074
       3269 3546 3601 3715 3833 3952 4166 4283 4400 4514 4631 4824
       4882 5000 5117 5232 5347 $
40   254 472 588 744 1219 1493 2250 2369 2450 2569 2688 2847 2926 3086
       3253 3531 3569 3727 3844 3920 4134 4252 4369 4482 4599 4808
       4850 4969 5086 5244 5359 $
41   255 514 631 745 1261 1534 2251 2370 2493 2612 2731 2848 2970 3087
       3252 3530 3612 3728 3845 3963 4177 4294 4411 4525 4642 4807
       4893 5011 5127 5245 5360 $
42   260 518 635 749 1265 1538 2256 2375 2497 2616 2735 2853 2974 3092
       3247 3525 3616 3733 3850 3967 4181 4298 4415 4529 4646 4802
       4897 5015 5131 5250 5365 $
43   261 519 636 750 1266 1539 2257 2376 2498 2617 2736 2854 2975 3093
       3246 3524 3617 3734 3851 3968 4182 4299 4416 4530 4647 4801
       4898 5016 5132 5251 5366 $
44   266 523 640 755 1270 1542 2261 2380 2502 2621 2740 2859 2979 3097
       3243 3521 3621 3739 3854 3972 4186 4303 4420 4534 4651 4798
       4902 5020 5136 5255 5370 $
45   282 535 652 768 1282 1555 2276 2395 2515 2634 2753 2875 2992 3112
       3170 3448 3634 3755 3870 3985 4198 4315 4433 4547 4664 4724
       4915 5033 5149 5270 5386 $
46   284 538 655 771 1285 1558 2279 2398 2518 2637 2756 2877 2995 3114
       3169 3447 3636 3757 3872 3987 4201 4318 4435 4549 4666 4723
       4918 5036 5152 5272 5389 $
47   285 539 656 772 1286 1559 2280 2399 2519 2638 2757 2878 2996 3115
       3168 3446 3637 3758 3873 3988 4202 4319 4436 4550 4667 4722
       4919 5037 5153 5273 5390 $
48   286 540 657 773 1287 1560 2281 2400 2520 2639 2758 2879 2997 3116
       3277 3554 3638 3759 3874 3989 4203 4320 4437 4551 4668 4832
       4920 5038 5154 5274 5391 $
49   296 550 666 783 1297 1570 2292 2411 2530 2649 2768 2889 3007 3126
       3228 3506 3648 3769 3884 3999 4213 4330 4447 4561 4678 4783
       4930 5048 5164 5284 5402 $
50   298 552 668 785 1299 1572 2294 2413 2532 2651 2770 2891 3009 3128
       3182 3460 3650 3771 3886 4001 4215 4332 4449 4563 4680 4736
       4932 5050 5166 5286 5404 $
51   299 553 669 786 1300 1573 2295 2414 2533 2652 2771 2892 3010 3129
       3286 3562 3651 3772 3887 4002 4216 4333 4450 4564 4681 4840
       4933 5051 5167 5287 5405 $
52   301 555 671 788 1302 1575 2297 2416 2535 2654 2773 2894 3012 3131
       3183 3461 3653 3774 3889 4004 4218 4335 4452 4566 4683 4737
       4935 5053 5169 5289 5407 $
53   311 566 682 798 1313 1586 2308 2427 2546 2665 2784 2904 3023 3141
       3222 3500 3663 3784 3899 4015 4229 4346 4461 4577 4694 4777
       4946 5064 5180 5299 5419 $
54   315 570 687 803 1318 1591 2313 2432 2551 2670 2789 2908 3028 3145
       3226 3504 3667 3787 3903 4019 4234 4351 4465 4581 4698 4781
       4951 5069 5185 5303 5424 $
55   317 572 689 805 1320 1593 2315 2434 2553 2672 2791 2910 3030 3147
       3281 3558 3669 3789 3905 4021 4236 4353 4467 4583 4700 4836
       4953 5071 5187 5305 5426 $
56   319 574 691 806 1322 1595 2317 2436 2555 2674 2793 2912 3032 3149
       3238 3516 3671 3791 3907 4023 4238 4355 4469 4585 4702 4793
       4955 5073 5189 5307 5428 $
57   323 578 695 810 1326 1599 2321 2440 2559 2678 2797 2916 3036 3153
       3178 3456 3675 3795 3911 4027 4242 4359 4473 4589 4706 4732
       4959 5077 5193 5311 5432 $
58   218 483 599 1230 1504 2213 2331 2461 2580 2699 2812 2937 3051
       3202 3480 3580 3691 3810 3931 4145 4263 4380 4493 4610 4756
       4861 4980 5097 5209 5321 $
59   263 521 638 752 1268 2259 2378 2500 2619 2738 2856 2977 3095 3244
       3522 3619 3736 3853 3970 4184 4301 4418 4532 4649 4799 4900
       5018 5134 5253 5368 $
60   265 522 639 754 1269 1541 2260 2379 2501 2620 2739 2858 2978 3096
       3232 3510 3620 3738 3971 4185 4302 4419 4533 4650 4787 4901
       5019 5135 5254 5369 $
61   292 546 778 1293 1566 2287 2406 2526 2645 2764 2885 3003 3122
       3233 3511 3644 3765 3880 3995 4209 4326 4443 4557 4674 4788
       4926 5044 5160 5280 5397 $
62   294 548 664 780 1295 1568 2289 2408 2528 2647 2766 2887 3005 3124
       3230 3508 3646 3767 3882 3997 4211 4328 4445 4559 4676 4785
       4928 5046 5162 5282 $
63   295 468 583 781 1214 1488 2290 2409 2445 2564 2683 2888 2921 3125
       3229 3507 3564 3768 3883 3915 4129 4247 4364 4477 4594 4784
       4845 4964 5081 5283 $
64   4 6 64 65 93 94 108 172 850 867 918 928 954 981 983 1024 1086
       1092 1119 1147 1172 1194 1196 1410 1465 2128 2129 2131 2143 $
65   208 473 590 722 1220 1494 2452 2571 2690 2802 2927 3041 3191 3469
       3570 3681 3800 3922 4135 4253 4371 4484 4601 4745 4851 4970
       5087 5199 5332 $
66   300 554 670 787 1301 1574 2160 2296 2415 2534 2653 2772 2893 3011
       3130 3652 3773 3888 4003 4217 4334 4451 4565 4682 4934 5052
       5168 5288 5406 $
67   206 549 665 782 1296 1569 2291 2410 2529 2648 2767 2800 3006 3039
       3647 3679 3798 3998 4212 4329 4446 4560 4677 4929 5047 5163
       5197 5401 $
68   207 469 585 701 1216 1490 2266 2385 2447 2566 2685 2801 2923 3040
       3566 3680 3799 3917 4131 4249 4366 4479 4596 4847 4966 5083
       5198 5375 $
69   211 476 592 706 1223 1497 2207 2324 2454 2573 2692 2805 2930 3044
       3573 3684 3803 3924 4138 4256 4373 4486 4603 4854 4973 5090
       5202 5314 $
70   212 477 593 707 1224 1498 2208 2325 2455 2574 2693 2806 2931 3045
       3574 3685 3804 3925 4139 4257 4374 4487 4604 4855 4974 5091
       5203 5315 $
71   217 482 598 712 1229 1503 2212 2330 2460 2579 2698 2811 2936 3050
       3579 3690 3809 3930 4144 4262 4379 4492 4609 4860 4979 5096
       5208 5320 $
72   225 487 604 698 1235 1508 2220 2338 2466 2585 2704 2819 2942 3058
       3585 3698 3817 3936 4150 4268 4385 4498 4615 4866 4985 5102
       5216 5328 $
73   240 501 618 732 1249 1521 2236 2355 2480 2599 2718 2833 2957 3072
       3599 3713 3831 3950 4164 4281 4398 4512 4629 4880 4998 5115
       5230 5345 $
74   243 504 621 734 1252 1524 2239 2358 2483 2602 2721 2836 2960 3075
       3602 3716 3834 3953 4167 4284 4401 4515 4632 4883 5001 5118
       5233 5348 $
75   246 507 624 737 1254 1527 2242 2361 2486 2605 2724 2839 2963 3078
       3605 3719 3836 3956 4170 4287 4404 4518 4635 4886 5004 5120
       5236 5351 $
76   247 508 625 738 1255 1528 2243 2362 2487 2606 2725 2840 2964 3079
       3606 3720 3837 3957 4171 4288 4405 4519 4636 4887 5005 5121
       5237 5352 $
77   249 509 626 739 1256 1529 2245 2364 2488 2607 2726 2842 2965 3081
       3607 3722 3839 3958 4172 4289 4406 4520 4637 4888 5006 5122
       5239 5354 $
78   251 511 628 741 1258 1531 2247 2366 2490 2609 2728 2844 2967 3083
       3609 3724 3841 3960 4174 4291 4408 4522 4639 4890 5008 5124
       5241 5356 $
79   252 512 629 742 1259 1532 2248 2367 2491 2610 2729 2845 2968 3084
       3610 3725 3842 3961 4175 4292 4409 4523 4640 4891 5009 5125
       5242 5357 $
80   256 515 632 746 1262 1535 2252 2371 2494 2613 2732 2849 2971 3088
       3613 3729 3846 3964 4178 4295 4412 4526 4643 4894 5012 5128
       5246 5361 $
81   257 516 633 747 1263 1536 2253 2372 2495 2614 2733 2850 2972 3089
       3614 3730 3847 3965 4179 4296 4413 4527 4644 4895 5013 5129
       5247 5362 $
82   258 517 634 748 1264 1537 2254 2373 2496 2615 2734 2851 2973 3090
       3615 3731 3848 3966 4180 4297 4414 4528 4645 4896 5014 5130
       5248 5363 $
83   268 524 641 757 1271 1543 2263 2382 2503 2622 2741 2861 2980 3098
       3622 3741 3856 3973 4187 4304 4421 4535 4652 4903 5021 5137
       5256 5372 $
84   271 527 644 761 1274 1546 2268 2387 2506 2625 2744 2864 2983 3101
       3625 3744 3859 3976 4190 4307 4424 4538 4655 4906 5024 5140
       5259 5377 $
85   272 528 645 762 1275 1547 2269 2388 2507 2626 2745 2865 2984 3102
       3626 3745 3860 3977 4191 4308 4425 4539 4656 4907 5025 5141
       5260 5378 $
86   277 531 649 764 1278 1551 2272 2391 2511 2630 2749 2870 2988 3107
       3630 3750 3865 3981 4195 4312 4429 4543 4660 4911 5029 5145
       5265 5382 $
87   278 532 650 765 1279 1552 2273 2392 2512 2631 2750 2871 2989 3108
       3631 3751 3866 3982 4196 4313 4430 4544 4661 4912 5030 5146
       5266 5383 $
88   283 536 653 769 1283 1556 2277 2396 2516 2635 2754 2876 2993 3113
       3635 3756 3871 3986 4199 4316 4434 4548 4665 4916 5034 5150
       5271 5387 $
89   287 541 658 774 1288 1561 2282 2401 2521 2640 2759 2880 2998 3117
       3639 3760 3875 3990 4204 4321 4438 4552 4669 4921 5039 5155
       5275 5392 $
90   288 542 659 700 1289 1562 2283 2402 2522 2641 2760 2881 2999 3118
       3640 3761 3876 3991 4205 4322 4439 4553 4670 4922 5040 5156
       5276 5393 $
91   302 556 672 789 1303 1576 2298 2417 2536 2655 2774 2895 3013 3132
       3654 3775 3890 4005 4219 4336 4453 4567 4684 4936 5054 5170
       5290 5408 $
92   303 557 673 790 1304 1577 2299 2418 2537 2656 2775 2896 3014 3133
       3655 3776 3891 4006 4220 4337 4454 4568 4685 4937 5055 5171
       5291 5409 $
93   304 558 674 791 1305 1578 2300 2419 2538 2657 2776 2897 3015 3134
       3656 3777 3892 4007 4221 4338 4455 4569 4686 4938 5056 5172
       5292 5410 $
94   305 559 675 792 1306 1579 2301 2420 2539 2658 2777 2898 3016 3135
       3657 3778 3893 4008 4222 4339 4456 4570 4687 4939 5057 5173
       5293 5411 $
95   308 564 680 703 1311 1584 2305 2424 2544 2663 2782 2901 3021 3138
       3661 3781 3896 4013 4227 4344 4459 4575 4692 4944 5062 5178
       5296 5416 $
96   316 571 688 804 1319 1592 2314 2433 2552 2671 2790 2909 3029 3146
       3668 3788 3904 4020 4235 4352 4466 4582 4699 4952 5070 5186
       5304 5425 $
97   320 575 692 807 1323 1596 2318 2437 2556 2675 2794 2913 3033 3150
       3672 3792 3908 4024 4239 4356 4470 4586 4703 4956 5074 5190
       5308 5429 $
98   234 470 586 727 1217 1491 2230 2349 2448 2567 2686 2827 2924 3066
       3567 3707 3825 3918 4132 4250 4367 4480 4597 4848 4967 5084
       5224 $
99   245 506 623 736 1253 1526 2241 2360 2485 2604 2723 2838 2962 3077
       3604 3718 3955 4169 4286 4403 4517 4634 4885 5003 5119 5235
       5350 $
100  267 579 756 1210 1484 2262 2381 2441 2560 2679 2860 2917 3242
       3520 3740 3855 3912 4125 4243 4360 4474 4590 4797 4841 4960
       5078 5371 $
101  275 648 763 1277 1550 2271 2390 2510 2629 2748 2868 2987 3105
       3629 3748 3863 3980 4194 4311 4428 4542 4659 4910 5028 5144
       5263 5381 $
102  306 562 678 794 1309 1582 2303 2422 2542 2661 2780 2899 3019 3136
       3659 3779 3894 4011 4225 4342 4573 4690 4942 5060 5176 5294
       5414 $
103  309 584 796 1215 1489 2306 2425 2446 2565 2684 2902 2922 3139
       3565 3782 3897 3916 4130 4248 4365 4478 4595 4846 4965 5082
       5297 5417 $
104  318 573 690 1321 1594 2316 2435 2554 2673 2792 2911 3031 3148
       3670 3790 3906 4022 4237 4354 4468 4584 4701 4954 5072 5188
       5306 5427 $
105  205 561 677 793 1308 1581 2302 2421 2541 2660 2779 3018 3038 3658
       3678 3797 4010 4224 4341 4572 4689 4941 5059 5175 5196 5413 $
106  220 600 714 1231 2215 2333 2462 2581 2700 2814 2938 3053 3581
       3693 3812 3932 4146 4264 4381 4494 4611 4862 4981 5098 5211
       5323 $
107  231 494 611 725 1242 2227 2345 2473 2592 2711 2825 2949 3064 3196
       3474 3592 3704 3823 3943 4157 4505 4622 4750 4873 5222 5335 $
108  244 505 622 735 1525 2240 2359 2484 2603 2722 2837 2961 3076 3603
       3717 3835 3954 4168 4285 4402 4516 4633 4884 5002 5234 5349 $
109  248 466 581 1212 1486 2244 2363 2443 2562 2681 2841 2919 3080
       3721 3838 3913 4127 4245 4362 4475 4592 4843 4962 5079 5238
       5353 $
110  273 529 646 1548 2270 2389 2508 2627 2746 2866 2985 3103 3627
       3746 3861 3978 4192 4309 4426 4540 4657 4908 5026 5142 5261
       5379 $
111  314 686 802 1317 1590 2312 2431 2550 2669 2788 2907 3027 3144
       3666 3902 4018 4233 4350 4464 4580 4697 4950 5068 5184 5302
       5423 $
112  274 530 647 1276 1549 2509 2628 2747 2867 2986 3104 3628 3747
       3862 3979 4193 4310 4427 4541 4658 4909 5027 5143 5262 5380 $
113  279 471 587 1218 1492 2449 2568 2687 2872 2925 3109 3568 3752
       3867 3919 4133 4251 4368 4481 4598 4849 4968 5085 5267 $
114  105 169 359 897 1008 1127 1647 1675 1678 1707 1724 1731 1732 2067
       2125 3298 3307 3379 3392 3397 3405 3410 4048 $
115  203 465 580 697 1211 1485 2228 2346 2442 2561 2680 2798 2918 3676
       4126 4244 4361 4591 4842 4961 5194 $
116  474 589 702 1221 1495 2451 2570 2689 2928 3571 3921 4136 4254
       4370 4483 4600 4852 4971 5088 $
117  491 608 1239 1512 2342 2470 2589 2708 2946 3589 3940 4154 4272
       4389 4502 4619 4870 4989 5106 $
118  537 654 770 1284 1557 2278 2397 2517 2636 2755 2994 4034 4200
       4317 4917 5035 5151 5388 $
119  560 676 1307 1580 2540 2659 2778 3017 4009 4223 4340 4457 4571
       4688 4940 5058 5174 5412 $
120  568 684 800 1315 1588 2310 2429 2548 2667 2786 3025 4231 4348
       4948 5066 5182 5421 $
121  120 177 194 817 941 958 985 1019 1136 1186 1206 1346 1374 1416
       1440 1948 $
122  927 1171 2054 2055 2060 2069 2085 2086 2099 2120 2130 2132 2133
       2157 2174 $
123  87 869 892 930 1327 1356 1409 1444 1452 1460 1476 1483 $
124  219 2214 2332 2813 3052 3201 3479 3692 3811 4755 5210 5322 $
125  259 2255 2374 2852 3091 3248 3526 3732 3849 4803 5249 5364 $
126  276 1608 1616 2869 3106 3209 3367 3487 3749 3864 4764 5264 $
127  204 760 1753 2267 2386 2799 3037 3677 3796 5195 5376 $
128  1776 1777 1778 1779 1781 1782 1783 1785 2001 2002 2003 $
129  88 129 814 1047 1048 1083 1084 1187 1189 1204 $
130  125 420 946 1207 1411 1720 1807 2033 3400 4029 $
131  224 718 2219 2337 2818 3057 3697 3816 5215 5327 $
132  1759 1760 1761 1814 1815 1818 1819 1820 1822 2004 $
133  30 379 943 1095 1373 1738 2000 3390 4067 $
134  99 161 863 1169 1390 1744 1813 2082 3422 $
135  100 967 1113 1433 1641 3215 3291 3493 4770 $
136  2063 2097 2098 2138 2139 2140 2165 2166 2167 $
137  3213 3278 3279 3491 3555 3556 4768 4833 4834 $
138  71 455 836 1050 1394 1883 2190 4082 $
139  156 874 1004 1333 1642 1947 2058 3292 $
140  184 824 837 903 915 964 1074 1158 $
141  1611 1684 1699 3186 3297 3381 3464 4740 $
142  1640 3166 3218 3308 3444 3496 4720 4773 $
143  1832 1833 1834 1835 1836 1837 1838 1842 $
144  69 98 829 910 911 940 1140 $
145  89 144 899 1001 1168 1437 1961 $
146  182 846 1157 1431 1739 2103 3420 $
147  191 367 917 1139 1443 2171 4090 $
148  325 1646 3154 3296 3431 4080 4707 $
149  326 400 401 402 403 404 449 $
150  341 834 1353 1748 2089 3289 4072 $
151  348 349 350 352 353 355 356 $
152  369 3214 3273 3492 3550 4769 4828 $
153  448 1062 1689 2095 2185 3363 4102 $
154  2078 2080 2147 2148 2186 2187 2188 $
155  48 77 82 146 840 1106 $
156  55 945 1046 1427 1866 2170 $
157  66 67 849 1129 1400 1863 $
158  75 916 1085 1442 1890 2035 $
159  86 893 1039 1428 1945 2191 $
160  90 980 1110 1453 1962 2096 $
161  95 988 1035 1446 1862 2134 $
162  104 337 955 1426 2110 4032 $
163  168 956 1067 1137 1429 2076 $
164  178 856 1057 1475 1934 2184 $
165  180 841 972 1059 1332 1430 $
166  181 907 1061 1151 1391 1478 $
167  328 982 1343 1659 3314 4054 $
168  334 1658 2118 2137 3316 4061 $
169  462 844 1335 1679 3377 4057 $
170  1839 1840 1975 2016 2017 2018 $
171  3268 3275 3545 3552 4823 4830 $
172  0 140 141 1052 1112 $
173  2 939 1010 1441 2158 $
174  3 921 1128 1458 2053 $
175  8 1003 3172 3450 4726 $
176  14 960 1090 1466 2108 $
177  16 976 1200 1340 2068 $
178  84 914 1037 1425 2056 $
179  85 830 831 1038 1424 $
180  103 842 1398 2083 2090 $
181  111 832 1075 1477 2074 $
182  116 2127 3173 3451 4727 $
183  121 942 1009 1388 1946 $
184  135 931 1181 1459 2046 $
185  145 957 1033 1464 1974 $
186  147 866 1149 1395 2200 $
187  149 934 1180 1471 2075 $
188  150 860 1060 1402 1810 $
189  160 909 1182 1404 2094 $
190  173 1122 1125 1131 2047 $
191  176 845 1025 1336 1913 $
192  183 839 999 1334 1870 $
193  192 932 1138 1438 1856 $
194  196 936 995 1473 2154 $
195  389 1620 2037 3330 4089 $
196  398 428 429 430 431 $
197  419 1613 1663 1727 3406 $
198  950 1014 1462 1619 3331 $
199  1713 3235 3415 3513 4790 $
200  7 912 1203 1802 $
201  11 1055 1105 1165 $
202  17 818 1199 1455 $
203  23 998 1073 1188 $
204  41 873 1176 1382 $
205  43 971 1175 1407 $
206  63 871 1064 1434 $
207  73 828 1355 1983 $
208  106 833 1192 1423 $
209  119 913 1114 1461 $
210  123 884 1133 1370 $
211  134 898 1156 1415 $
212  158 851 1030 1480 $
213  159 823 1183 1360 $
214  174 924 1002 1387 $
215  201 847 1012 1432 $
216  202 966 1011 1479 $
217  264 753 2857 3737 $
218  346 1705 3395 4079 $
219  380 1604 2091 3425 $
220  384 1645 3294 4115 $
221  416 1653 3312 4123 $
222  438 1745 3421 4043 $
223  450 1701 3384 4100 $
224  1618 1623 3325 3366 $
225  1634 1670 3336 3346 $
226  1661 1741 3357 3418 $
227  1673 1683 3343 3372 $
228  1775 3167 3445 4721 $
229  1904 1906 1908 1911 $
230  1977 1979 1981 1998 $
231  3210 3488 4035 4765 $
232  27 826 1363 $
233  52 1043 1341 $
234  76 1080 2101 $
235  92 1163 1342 $
236  114 880 1344 $
237  115 978 1365 $
238  189 1191 2070 $
239  199 1053 1447 $
240  200 1054 2136 $
241  333 1636 4062 $
242  366 1750 4091 $
243  378 1747 3290 $
244  822 1357 1359 $
245  870 1375 1957 $
246  970 1408 1956 $
247  975 1339 1951 $
248  1644 1686 3360 $
249  1704 3339 3388 $
250  1905 1907 1910 $
251  1978 1980 1982 $
252  2011 2012 2013 $
253  2019 2020 2021 $
254  3155 3432 4708 $
255  3160 3437 4713 $
256  3162 3440 4716 $
257  3163 3441 4717 $
258  3165 3443 4719 $
259  3175 3453 4729 $
260  3176 3454 4730 $
261  3177 3455 4731 $
262  3179 3457 4733 $
263  3184 3462 4738 $
264  3187 3465 4741 $
265  3188 3466 4742 $
266  3192 3470 4746 $
267  3197 3475 4751 $
268  3200 3478 4754 $
269  3203 3481 4757 $
270  3206 3484 4760 $
271  3207 3485 4762 $
272  3208 3486 4763 $
273  3212 3490 4767 $
274  3216 3494 4771 $
275  3217 3495 4772 $
276  3219 3497 4774 $
277  3239 3517 4794 $
278  3240 3518 4795 $
279  3241 3519 4796 $
280  3249 3527 4804 $
281  3250 3528 4805 $
282  3251 3529 4806 $
283  3254 3532 4809 $
284  3255 3533 4810 $
285  3256 3534 4811 $
286  3258 3536 4813 $
287  3259 3537 4814 $
288  3261 3539 4816 $
289  3263 3540 4818 $
290  3264 3541 4819 $
291  3265 3542 4820 $
292  3266 3543 4821 $
293  3267 3544 4822 $
294  3283 3560 4838 $
295  1 885 $
296  9 1202 $
297  13 1143 $
298  15 812 $
299  19 1144 $
300  24 1120 $
301  26 1097 $
302  33 1093 $
303  39 1179 $
304  42 989 $
305  44 1174 $
306  47 977 $
307  49 1167 $
308  51 1045 $
309  54 1040 $
310  59 1072 $
311  60 1071 $
312  68 875 $
313  91 1094 $
314  96 1036 $
315  97 1160 $
316  101 1078 $
317  110 951 $
318  112 996 $
319  117 1116 $
320  118 1115 $
321  130 1124 $
322  138 1195 $
323  139 1190 $
324  142 1197 $
325  154 1022 $
326  162 1013 $
327  165 992 $
328  166 1173 $
329  171 1123 $
330  179 987 $
331  185 865 $
332  186 1162 $
333  195 1020 $
334  197 997 $
335  198 1066 $
336  331 4063 $
337  336 4033 $
338  338 4031 $
339  343 4075 $
340  362 4046 $
341  375 4040 $
342  386 4117 $
343  391 410 $
344  394 4108 $
345  397 4111 $
346  411 2105 $
347  412 4041 $
348  424 4106 $
349  426 4107 $
350  427 4087 $
351  435 4045 $
352  439 4104 $
353  440 4103 $
354  441 4099 $
355  445 4096 $
356  446 447 $
357  453 4084 $
358  459 4086 $
359  815 1352 $
360  816 1354 $
361  825 1362 $
362  843 1474 $
363  852 1435 $
364  855 1366 $
365  858 1393 $
366  859 1330 $
367  861 1403 $
368  862 1337 $
369  876 1384 $
370  889 1367 $
371  900 1421 $
372  901 1376 $
373  906 1328 $
374  922 1457 $
375  923 1159 $
376  926 1469 $
377  947 1412 $
378  948 1017 $
379  952 1386 $
380  953 1396 $
381  962 1329 $
382  968 1454 $
383  973 1413 $
384  1026 1028 $
385  1027 1029 $
386  1041 1146 $
387  1056 1166 $
388  1068 1482 $
389  1103 1757 $
390  1601 3429 $
391  1602 3428 $
392  1605 3424 $
393  1606 3304 $
394  1607 3305 $
395  1609 3306 $
396  1610 3300 $
397  1612 3322 $
398  1615 3324 $
399  1617 3301 $
400  1621 3328 $
401  1622 3329 $
402  1625 3326 $
403  1626 3327 $
404  1628 3365 $
405  1629 3364 $
406  1630 3368 $
407  1631 3370 $
408  1633 3317 $
409  1635 3318 $
410  1637 3319 $
411  1638 3320 $
412  1649 3302 $
413  1652 3311 $
414  1657 3354 $
415  1662 3358 $
416  1664 3352 $
417  1665 3350 $
418  1666 3349 $
419  1667 3348 $
420  1668 3347 $
421  1671 3345 $
422  1672 3344 $
423  1677 3373 $
424  1680 3376 $
425  1681 3375 $
426  1682 3378 $
427  1685 3371 $
428  1687 3361 $
429  1691 3333 $
430  1692 3334 $
431  1696 3342 $
432  1698 3380 $
433  1700 3383 $
434  1703 3387 $
435  1711 3417 $
436  1712 3416 $
437  1715 3414 $
438  1717 3412 $
439  1721 3399 $
440  1722 3401 $
441  1723 3404 $
442  1726 3403 $
443  1728 3408 $
444  1733 3396 $
445  1740 3419 $
446  1746 3426 $
447  1749 3288 $
448  1751 3287 $
449  1793 1806 $
450  1849 1850 $
451  1875 1877 $
452  1920 1921 $
453  1963 1964 $
454  1965 1966 $
455  1987 1994 $
456  2025 2027 $
457  2062 2123 $
458  2106 2107 $
459  2163 2173 $
460  2172 2198 $
461  2347 5337 $
462  3262 4817 $
463  3438 4714 $
464  4052 4053 $
465  12 $
466  18 $
467  20 $
468  21 $
469  28 $
470  29 $
471  31 $
472  32 $
473  35 $
474  36 $
475  37 $
476  38 $
477  40 $
478  53 $
479  56 $
480  57 $
481  58 $
482  70 $
483  72 $
484  74 $
485  81 $
486  83 $
487  102 $
488  107 $
489  109 $
490  113 $
491  122 $
492  126 $
493  127 $
494  132 $
495  133 $
496  137 $
497  143 $
498  152 $
499  163 $
500  170 $
501  187 $
502  190 $
503  193 $
504  233 $
505  324 $
506  329 $
507  330 $
508  332 $
509  335 $
510  340 $
511  342 $
512  344 $
513  347 $
514  351 $
515  354 $
516  357 $
517  360 $
518  361 $
519  363 $
520  364 $
521  368 $
522  372 $
523  373 $
524  381 $
525  390 $
526  393 $
527  405 $
528  406 $
529  409 $
530  414 $
531  415 $
532  417 $
533  418 $
534  421 $
535  423 $
536  425 $
537  433 $
538  434 $
539  436 $
540  442 $
541  443 $
542  444 $
543  451 $
544  454 $
545  456 $
546  457 $
547  458 $
548  460 $
549  461 $
550  463 $
551  713 $
552  819 $
553  820 $
554  821 $
555  838 $
556  848 $
557  864 $
558  878 $
559  881 $
560  882 $
561  886 $
562  887 $
563  888 $
564  894 $
565  895 $
566  904 $
567  919 $
568  920 $
569  925 $
570  935 $
571  937 $
572  944 $
573  959 $
574  961 $
575  963 $
576  965 $
577  979 $
578  984 $
579  993 $
580  994 $
581  1000 $
582  1006 $
583  1016 $
584  1018 $
585  1032 $
586  1034 $
587  1042 $
588  1044 $
589  1058 $
590  1065 $
591  1070 $
592  1076 $
593  1077 $
594  1079 $
595  1081 $
596  1082 $
597  1087 $
598  1088 $
599  1089 $
600  1091 $
601  1096 $
602  1099 $
603  1100 $
604  1102 $
605  1104 $
606  1107 $
607  1108 $
608  1109 $
609  1117 $
610  1121 $
611  1126 $
612  1130 $
613  1134 $
614  1135 $
615  1150 $
616  1152 $
617  1154 $
618  1155 $
619  1170 $
620  1177 $
621  1178 $
622  1184 $
623  1193 $
624  1198 $
625  1208 $
626  1345 $
627  1347 $
628  1348 $
629  1350 $
630  1358 $
631  1361 $
632  1364 $
633  1377 $
634  1380 $
635  1381 $
636  1383 $
637  1389 $
638  1401 $
639  1406 $
640  1414 $
641  1422 $
642  1436 $
643  1445 $
644  1456 $
645  1463 $
646  1467 $
647  1468 $
648  1470 $
649  1472 $
650  1481 $
651  1624 $
652  1627 $
653  1632 $
654  1669 $
655  1708 $
656  1709 $
657  1710 $
658  1714 $
659  1729 $
660  1735 $
661  1737 $
662  1742 $
663  1743 $
664  1752 $
665  1754 $
666  1755 $
667  1756 $
668  1758 $
669  1762 $
670  1763 $
671  1764 $
672  1765 $
673  1766 $
674  1767 $
675  1768 $
676  1769 $
677  1770 $
678  1771 $
679  1772 $
680  1773 $
681  1774 $
682  1780 $
683  1784 $
684  1786 $
685  1787 $
686  1788 $
687  1789 $
688  1790 $
689  1792 $
690  1794 $
691  1795 $
692  1796 $
693  1797 $
694  1798 $
695  1799 $
696  1801 $
697  1804 $
698  1805 $
699  1808 $
700  1809 $
701  1811 $
702  1812 $
703  1816 $
704  1817 $
705  1821 $
706  1823 $
707  1824 $
708  1825 $
709  1826 $
710  1827 $
711  1828 $
712  1829 $
713  1830 $
714  1831 $
715  1841 $
716  1843 $
717  1844 $
718  1847 $
719  1848 $
720  1851 $
721  1852 $
722  1853 $
723  1854 $
724  1855 $
725  1857 $
726  1858 $
727  1859 $
728  1860 $
729  1861 $
730  1865 $
731  1868 $
732  1869 $
733  1871 $
734  1872 $
735  1873 $
736  1874 $
737  1876 $
738  1878 $
739  1879 $
740  1881 $
741  1882 $
742  1884 $
743  1886 $
744  1887 $
745  1888 $
746  1889 $
747  1891 $
748  1894 $
749  1895 $
750  1896 $
751  1897 $
752  1898 $
753  1900 $
754  1901 $
755  1902 $
756  1903 $
757  1909 $
758  1912 $
759  1914 $
760  1915 $
761  1916 $
762  1917 $
763  1918 $
764  1919 $
765  1922 $
766  1923 $
767  1924 $
768  1925 $
769  1926 $
770  1927 $
771  1928 $
772  1929 $
773  1930 $
774  1931 $
775  1932 $
776  1933 $
777  1935 $
778  1936 $
779  1939 $
780  1940 $
781  1941 $
782  1943 $
783  1949 $
784  1954 $
785  1955 $
786  1958 $
787  1959 $
788  1960 $
789  1967 $
790  1968 $
791  1969 $
792  1970 $
793  1971 $
794  1972 $
795  1973 $
796  1976 $
797  1984 $
798  1985 $
799  1986 $
800  1988 $
801  1990 $
802  1991 $
803  1992 $
804  1993 $
805  1995 $
806  1996 $
807  1999 $
808  2005 $
809  2006 $
810  2007 $
811  2008 $
812  2009 $
813  2010 $
814  2014 $
815  2015 $
816  2022 $
817  2023 $
818  2024 $
819  2026 $
820  2028 $
821  2029 $
822  2032 $
823  2034 $
824  2036 $
825  2038 $
826  2039 $
827  2043 $
828  2044 $
829  2045 $
830  2048 $
831  2049 $
832  2050 $
833  2051 $
834  2052 $
835  2057 $
836  2059 $
837  2065 $
838  2071 $
839  2072 $
840  2073 $
841  2079 $
842  2081 $
843  2084 $
844  2087 $
845  2088 $
846  2092 $
847  2093 $
848  2102 $
849  2109 $
850  2111 $
851  2112 $
852  2113 $
853  2114 $
854  2115 $
855  2116 $
856  2117 $
857  2122 $
858  2124 $
859  2126 $
860  2142 $
861  2144 $
862  2149 $
863  2150 $
864  2152 $
865  2153 $
866  2155 $
867  2156 $
868  2159 $
869  2161 $
870  2162 $
871  2164 $
872  2168 $
873  2169 $
874  2175 $
875  2176 $
876  2177 $
877  2179 $
878  2180 $
879  2182 $
880  2189 $
881  2193 $
882  2194 $
883  2195 $
884  2196 $
885  2197 $
886  2199 $
887  2201 $
888  2203 $
889  2224 $
890  2951 $
891  3295 $
892  3303 $
893  3315 $
894  3338 $
895  3341 $
896  3351 $
897  3359 $
898  3369 $
899  3385 $
900  3393 $
901  3402 $
902  3423 $
903  3706 $
904  4036 $
905  4037 $
906  4047 $
907  4055 $
908  4058 $
909  4059 $
910  4060 $
911  4064 $
912  4065 $
913  4068 $
914  4069 $
915  4071 $
916  4073 $
917  4074 $
918  4076 $
919  4078 $
920  4083 $
921  4092 $
922  4093 $
923  4095 $
924  4097 $
925  4098 $
926  4101 $
927  4105 $
928  4120 $
929  4124 $
930  4761 $
931  5336 $
932  5339 $
933  5399 $
934  5400 $
)
