# cline: mcl ./orthofinder/Results_Aug23/WorkingDirectory/OrthoFinder_graph.txt "-I" "1.5" "-o" "./orthofinder/Results_Aug23/WorkingDirectory/clusters_OrthoFinder_I1.5.txt" "-te" "6" "-V" "all"
(mclheader
mcltype matrix
dimensions 5988x963
)
(mclmatrix
begin
0    46 199 211 403 474 602 733 917 981 1162 1330 1500 1695 1781 1992
       1997 2141 2490 2511 2631 2750 2874 2995 3119 3239 3361 3558
       3668 3713 3839 3911 4026 4148 4275 4445 4551 4692 4814 4895
       5001 5124 5296 5382 5502 5625 5750 5873 $
1    78 151 234 417 497 628 754 895 1003 1137 1400 1435 1521 1741 1802
       2025 2160 2383 2384 2533 2653 2775 2896 3020 3140 3260 3385
       3578 3736 3859 3969 4050 4173 4300 4402 4571 4671 4793 4920
       5024 5150 5276 5403 5524 5648 5772 5895 $
2    124 210 390 473 601 732 918 980 1166 1414 1499 1659 1780 1945
       2188 2479 2509 2510 2629 2630 2749 2873 2994 3118 3238 3360
       3557 3635 3838 3912 4025 4147 4274 4483 4550 4693 4815 4894
       5000 5123 5297 5381 5501 5624 5749 5872 $
3    175 316 467 586 587 716 840 935 1083 1215 1286 1424 1606 1729
       1884 2001 2176 2402 2612 2732 2856 2977 3101 3222 3343 3467
       3536 3721 3817 3929 4131 4257 4382 4484 4528 4709 4832 4877
       5106 5231 5317 5485 5607 5732 5855 5977 $
4    34 218 455 481 609 610 740 910 988 1220 1430 1506 1620 1788 2014
       2233 2338 2518 2638 2757 2881 3002 3126 3245 3368 3564 3725
       3845 3905 4033 4155 4282 4449 4557 4686 4807 4901 5008 5131
       5290 5388 5508 5632 5757 5880 $
5    79 315 395 396 583 584 715 838 937 1081 1172 1296 1604 1658 1882
       2029 2419 2610 2730 2854 2975 3099 3221 3341 3466 3537 3716
       3818 3930 4130 4256 4380 4420 4529 4711 4834 4875 5104 5229
       5316 5483 5605 5730 5854 5975 $
6    128 299 426 565 566 697 821 954 1065 1178 1492 1587 1740 1865
       1949 2302 2481 2594 2714 2837 2958 3082 3205 3324 3450 3533
       3683 3814 4004 4114 4240 4363 4406 4525 4728 4851 4983 5087
       5212 5320 5466 5588 5713 5837 5958 $
7    131 281 377 545 677 678 801 851 1046 1118 1392 1568 1687 1845
       1898 2086 2337 2575 2695 2818 2939 3063 3186 3305 3431 3592
       3754 3873 3981 4097 4220 4344 4434 4586 4625 4747 4963 5068
       5194 5262 5447 5569 5694 5819 5938 $
8    148 295 342 560 692 815 959 1060 1184 1443 1582 1668 1859 1955
       2096 2280 2501 2589 2709 2832 2953 3077 3200 3319 3445 3529
       3639 3810 4009 4111 4234 4358 4394 4521 4733 4856 4977 5082
       5207 5324 5461 5583 5708 5833 5952 $
9    164 233 411 496 627 753 896 1002 1136 1446 1447 1520 1682 1801
       2031 2294 2357 2532 2652 2774 2895 3019 3139 3259 3384 3575
       3718 3856 3970 4049 4172 4299 4487 4568 4672 4794 4919 5023
       5149 5279 5402 5523 5647 5771 5894 $
10   5 267 379 531 662 788 863 1036 1211 1488 1555 1707 1833 1988 2249
       2476 2565 2685 2806 2927 3051 3172 3293 3417 3604 3661 3885
       3993 4083 4205 4332 4403 4599 4637 4759 4951 5056 5182 5250
       5435 5557 5682 5806 5927 $
11   10 224 436 487 617 746 903 995 1094 1272 1514 1669 1794 2011 2246
       2439 2525 2645 2764 2888 3009 3132 3252 3376 3572 3740 3853
       3897 4040 4162 4290 4452 4565 4679 4800 4908 5015 5138 5282
       5395 5515 5639 5765 5887 $
12   22 260 374 524 655 781 869 1029 1160 1288 1548 1675 1828 1938
       2189 2360 2559 2679 2800 2921 3045 3165 3287 3411 3515 3619
       3796 3942 4076 4199 4326 4414 4507 4644 4766 4945 5050 5176
       5338 5429 5551 5676 5799 5921 $
13   25 324 440 592 723 848 927 1091 1231 1379 1613 1689 1892 1950
       2248 2449 2620 2740 2864 2985 3109 3229 3351 3475 3535 3682
       3816 3921 4138 4265 4390 4408 4527 4701 4824 4885 5114 5239
       5318 5492 5615 5740 5863 5985 $
14   45 325 361 593 724 849 926 1092 1151 1423 1614 1710 1893 1985
       2181 2336 2621 2741 2865 2986 3110 3230 3352 3476 3609 3658
       3890 3920 4139 4266 4391 4413 4604 4700 4823 4886 5115 5240
       5245 5493 5616 5741 5864 5986 $
15   61 292 399 556 689 812 963 1057 1187 1350 1579 1661 1856 2020
       2094 2373 2586 2706 2829 2950 3074 3197 3316 3442 3524 3734
       3805 4012 4108 4231 4355 4474 4516 4736 4859 4974 5079 5204
       5329 5458 5580 5705 5830 5949 $
16   62 237 385 500 631 757 892 1006 1251 1344 1524 1738 1805 1934
       2286 2362 2536 2656 2778 2899 3023 3143 3263 3388 3488 3647
       3768 3966 4053 4176 4303 4479 4620 4668 4790 4923 5027 5153
       5364 5406 5527 5651 5775 5898 $
17   80 310 373 578 710 833 942 1076 1096 1382 1599 1640 1877 1989
       2099 2444 2605 2725 2849 2970 3094 3216 3336 3461 3540 3663
       3821 3935 4125 4251 4375 4415 4532 4716 4839 4870 5099 5224
       5313 5478 5600 5725 5849 5970 $
18   136 291 412 555 688 811 964 1056 1256 1468 1578 1627 1855 1969
       2238 2433 2585 2705 2828 2949 3073 3196 3315 3441 3523 3709
       3804 4013 4107 4230 4354 4486 4515 4737 4860 4973 5078 5203
       5330 5457 5579 5704 5829 5948 $
19   155 235 400 498 629 755 894 1004 1173 1302 1522 1662 1803 1951
       2234 2417 2534 2654 2776 2897 3021 3141 3261 3386 3489 3680
       3769 3968 4051 4174 4301 4475 4621 4670 4792 4921 5025 5151
       5363 5404 5525 5649 5773 5896 $
20   157 208 380 471 599 730 920 978 1190 1312 1497 1739 1778 1971
       2142 2443 2507 2627 2747 2871 2992 3116 3236 3358 3600 3701
       3881 3914 4023 4145 4272 4430 4594 4694 4817 4892 4998 5121
       5254 5379 5499 5622 5747 5870 $
21   188 239 391 502 633 759 890 1008 1268 1484 1526 1638 1807 1943
       2240 2398 2538 2658 2780 2901 3025 3145 3265 3390 3485 3625
       3765 3964 4055 4178 4305 4453 4617 4666 4788 4925 5029 5155
       5367 5408 5529 5653 5777 5900 $
22   282 546 679 802 973 1047 1569 1846 2576 2696 2819 2940 3064 3187
       3306 3432 3479 3487 3607 3759 3767 3888 3980 4098 4221 4345
       4602 4608 4610 4611 4619 4746 4869 4964 5069 5195 5247 5365
       5373 5448 5570 5695 5820 5939 $
23   153 248 388 643 768 881 1017 1110 1304 1535 1646 1816 1983 2163
       2498 2547 2667 2789 2910 3034 3154 3274 3399 3500 3689 3781
       3955 4064 4186 4314 4481 4492 4657 4779 4934 5038 5164 5353
       5417 5538 5663 5786 5909 $
24   167 230 368 493 750 899 1000 1155 1332 1517 1709 1798 1946 2195
       2529 2650 2771 2892 3016 3256 3381 3550 3636 3831 3973 4046
       4169 4296 4459 4543 4674 4797 4916 5020 5146 5304 5399 5520
       5644 5768 5892 $
25   209 472 600 731 919 979 1398 1498 1779 1895 2508 2628 2748 2872
       2993 3117 3237 3359 3483 3602 3757 3763 3883 3913 4024 4146
       4273 4596 4615 4816 4893 4999 5122 5252 5369 5380 5500 5623
       5748 5871 $
26   50 268 532 533 663 789 862 1037 1140 1427 1556 1708 1834 2566
       2686 2807 2928 3052 3173 3294 3418 3589 3870 3992 4084 4206
       4333 4582 4583 4636 4952 5057 5183 5265 5436 5558 5683 5807
       5928 $
27   313 386 581 713 836 939 1079 1602 1880 2013 2366 2608 2728 2852
       2973 3097 3219 3339 3464 3539 3738 3820 3932 4128 4254 4378
       4478 4531 4713 4836 4873 5102 5227 5314 5481 5603 5728 5852
       5973 $
28   293 348 557 690 813 962 1058 1580 1857 1909 2587 2707 2830 2951
       3075 3198 3317 3443 3526 3649 3807 4011 4109 4232 4356 4441
       4518 4735 4858 4975 5080 5205 5327 5459 5581 5706 5831 5950 $
29   251 514 646 771 878 1020 1538 1819 1990 2550 2670 2792 2913 3037
       3157 3277 3402 3503 3666 3784 3952 4067 4189 4317 4477 4495
       4654 4776 4937 5041 5167 5350 5420 5541 5666 5789 5912 $
30   265 529 660 785 786 865 1034 1553 1831 2563 2683 2804 2925 3049
       3170 3291 3415 3518 3799 3938 3995 4081 4203 4330 4510 4639
       4761 4949 5054 5180 5335 5433 5555 5680 5804 5925 $
31   204 330 468 595 726 923 974 1493 1774 2503 2623 2743 2867 2988
       3112 3232 3354 3583 3864 3918 4019 4141 4268 4576 4698 4821
       4888 4994 5117 5271 5375 5495 5618 5743 5866 $
32   285 550 683 806 969 1051 1573 1850 2580 2700 2823 2944 3068 3190
       3310 3436 3594 3875 3977 4018 4101 4225 4349 4588 4742 4865
       4968 5073 5198 5260 5452 5574 5699 5824 5943 $
33   294 558 691 814 960 961 1059 1581 1858 2588 2708 2831 2952 3076
       3199 3318 3444 3527 3808 4010 4110 4233 4357 4519 4734 4857
       4976 5081 5206 5326 5460 5582 5707 5832 5951 $
34   326 594 725 850 924 925 1093 1615 1894 2622 2742 2866 2987 3111
       3231 3353 3477 3585 3866 3919 4140 4267 4392 4578 4699 4822
       4887 5116 5241 5269 5494 5617 5742 5865 5987 $
35   216 479 607 738 912 986 1504 1786 2516 2636 2755 2879 3000 3124
       3243 3366 3563 3844 3907 4031 4153 4280 4556 4688 4809 4899
       5006 5129 5291 5386 5506 5630 5755 5878 $
36   217 480 608 739 911 987 1505 1787 2517 2637 2756 2880 3001 3125
       3244 3367 3608 3889 3906 4032 4154 4281 4603 4687 4808 4900
       5007 5130 5246 5387 5507 5631 5756 5879 $
37   222 485 613 744 906 992 1510 1792 2522 2642 2761 2885 3006 3130
       3249 3372 3568 3849 3901 4037 4159 4286 4561 4682 4803 4905
       5012 5135 5286 5392 5512 5636 5761 5884 $
38   223 486 614 745 905 993 1511 1793 2523 2643 2762 2886 3007 3131
       3250 3373 3569 3850 3900 4038 4160 4287 4562 4681 4802 4906
       5013 5136 5285 5393 5513 5637 5762 5885 $
39   225 488 618 747 902 996 1515 1795 2526 2646 2765 2889 3010 3133
       3253 3377 3573 3854 3896 4041 4163 4291 4566 4678 4799 4909
       5016 5139 5281 5396 5516 5640 5766 5888 $
40   226 489 619 748 901 997 1516 1796 2527 2647 2766 2890 3011 3134
       3254 3378 3566 3847 3895 4042 4164 4292 4559 4677 4798 4910
       5017 5140 5288 5397 5517 5641 5767 5889 $
41   236 499 630 756 893 1005 1523 1804 2535 2655 2777 2898 3022 3142
       3262 3387 3610 3891 3967 4052 4175 4302 4605 4669 4791 4922
       5026 5152 5244 5405 5526 5650 5774 5897 $
42   240 503 634 760 889 1009 1527 1808 2539 2659 2781 2902 3026 3146
       3266 3391 3490 3770 3963 4056 4179 4306 4622 4665 4787 4926
       5030 5156 5362 5409 5530 5654 5778 5901 $
43   252 516 647 773 877 1021 1540 1820 2551 2671 2793 2914 3038 3158
       3279 3403 3507 3788 3950 4068 4191 4318 4499 4652 4774 4938
       5042 5168 5346 5421 5543 5668 5791 5913 $
44   253 517 648 774 876 1022 1541 1821 2552 2672 2794 2915 3039 3159
       3280 3404 3508 3789 3949 4069 4192 4319 4500 4651 4773 4939
       5043 5169 5345 5422 5544 5669 5792 5914 $
45   258 522 653 779 871 1027 1546 1826 2557 2677 2798 2919 3043 3163
       3285 3409 3513 3794 3944 4074 4197 4324 4505 4646 4768 4943
       5048 5174 5340 5427 5549 5674 5797 5919 $
46   259 523 654 780 870 1028 1547 1827 2558 2678 2799 2920 3044 3164
       3286 3410 3514 3795 3943 4075 4198 4325 4506 4645 4767 4944
       5049 5175 5339 5428 5550 5675 5798 5920 $
47   261 525 656 782 868 1030 1549 2340 2560 2680 2801 2922 3046 3166
       3288 3412 3516 3797 3941 4077 4200 4327 4508 4643 4765 4946
       5051 5177 5337 5430 5552 5677 5800 5922 $
48   263 526 657 783 867 1032 1550 1829 2561 2681 2802 2923 3047 3168
       3289 3413 3528 3809 3940 4079 4201 4328 4520 4642 4763 4947
       5052 5178 5325 5431 5553 5678 5802 5923 $
49   264 528 659 784 866 1033 1552 1830 2562 2682 2803 2924 3048 3169
       3290 3414 3517 3798 3939 4080 4202 4329 4509 4640 4762 4948
       5053 5179 5336 5432 5554 5679 5803 5924 $
50   283 547 680 803 972 1048 1570 1847 2577 2697 2820 2941 3065 3188
       3307 3433 3593 3874 3979 4099 4222 4346 4587 4745 4868 4965
       5070 5196 5261 5449 5571 5696 5821 5940 $
51   286 551 684 807 968 1052 1574 1851 2581 2701 2824 2945 3069 3191
       3311 3437 3595 3876 4017 4102 4226 4350 4589 4741 4864 4969
       5074 5199 5259 5453 5575 5700 5825 5944 $
52   287 552 685 808 967 1053 1575 1852 2582 2702 2825 2946 3070 3192
       3312 3438 3482 3762 4016 4103 4227 4351 4614 4740 4863 4970
       5075 5200 5370 5454 5576 5701 5826 5945 $
53   298 564 696 820 955 1064 1586 1864 2593 2713 2836 2957 3081 3204
       3323 3449 3532 3813 4005 4113 4239 4362 4524 4729 4852 4982
       5086 5211 5321 5465 5587 5712 5836 5957 $
54   300 567 698 822 953 1066 1588 1866 2595 2715 2838 2959 3083 3206
       3325 3451 3581 3862 4003 4115 4241 4364 4574 4727 4850 4984
       5088 5213 5273 5467 5589 5714 5838 5959 $
55   303 570 701 825 950 1069 1591 1869 2598 2718 2841 2962 3086 3209
       3328 3454 3580 3861 4000 4118 4244 4367 4573 4724 4847 4987
       5091 5216 5274 5470 5592 5717 5841 5962 $
56   314 582 714 837 938 1080 1603 1881 2609 2729 2853 2974 3098 3220
       3340 3465 3538 3819 3931 4129 4255 4379 4530 4712 4835 4874
       5103 5228 5315 5482 5604 5729 5853 5974 $
57   318 589 719 842 933 1085 1608 1886 2614 2734 2858 2979 3103 3224
       3345 3469 3534 3815 3927 4133 4259 4384 4526 4707 4830 4879
       5108 5233 5319 5487 5609 5734 5857 5979 $
58   320 591 721 844 931 1087 1610 1888 2616 2736 2860 2981 3105 3226
       3347 3471 3478 3758 3925 4135 4261 4386 4609 4705 4828 4881
       5110 5235 5374 5489 5611 5736 5859 5981 $
59   205 596 727 922 975 1494 1775 2504 2624 2744 2868 2989 3113 3233
       3355 3582 3863 3917 4020 4142 4269 4575 4697 4820 4889 4995
       5118 5272 5376 5496 5619 5744 5867 $
60   213 476 604 735 915 1502 1783 2513 2633 2752 2876 2997 3121 3241
       3363 3560 3841 3909 4028 4150 4277 4553 4690 4812 4897 5003
       5126 5294 5384 5504 5627 5752 5875 $
61   221 484 743 907 991 1509 1791 2521 2641 2760 2884 3005 3129 3248
       3371 3567 3848 3902 4036 4158 4285 4560 4683 4804 4904 5011
       5134 5287 5391 5511 5635 5760 5883 $
62   296 561 693 816 958 1061 1583 1860 2590 2710 2833 2954 3078 3201
       3320 3446 3530 3811 4008 4235 4359 4522 4732 4855 4978 5083
       5208 5323 5462 5584 5709 5834 5953 $
63   276 542 668 669 674 797 854 1043 1564 1842 2572 2692 2815 2936
       3060 3181 3302 3426 3984 4092 4215 4341 4628 4751 4960 5065
       5191 5444 5566 5691 5814 5935 $
64   220 483 612 717 742 908 990 1508 1790 2520 2640 2759 2883 3004
       3128 3247 3370 3903 4035 4157 4284 4684 4805 4903 5010 5133
       5390 5510 5634 5759 5882 $
65   242 505 636 762 887 1011 1529 1810 2541 2661 2783 2904 3028 3148
       3268 3393 3961 4058 4181 4308 4663 4785 4928 5032 5158 5411
       5532 5656 5657 5780 5903 $
66   246 510 640 641 766 883 1015 1533 1814 2545 2665 2787 2908 3032
       3152 3272 3397 3957 4062 4184 4312 4659 4781 4932 5036 5162
       5415 5536 5661 5784 5907 $
67   271 536 666 792 859 1039 1558 1837 2048 2568 2688 2810 2931 3055
       3176 3297 3420 3989 4087 4209 4336 4633 4756 4955 5060 5186
       5439 5561 5686 5809 5930 $
68   302 569 700 824 951 1068 1590 1868 2458 2597 2717 2840 2961 3085
       3208 3327 3453 4001 4117 4243 4366 4725 4848 4986 5090 5215
       5469 5591 5716 5840 5961 $
69   304 571 704 705 826 949 1070 1592 1870 2599 2719 2842 2963 3087
       3210 3329 3455 3999 4119 4245 4368 4723 4846 4988 5092 5217
       5471 5593 5718 5842 5963 $
70   207 470 598 729 921 977 1496 1777 2506 2626 2746 2870 2991 3115
       3235 3357 3915 4022 4144 4271 4695 4818 4891 4997 5120 5378
       5498 5621 5746 5869 $
71   212 475 603 734 916 982 1501 1782 2512 2632 2751 2875 2996 3120
       3240 3362 3910 4027 4149 4276 4691 4813 4896 5002 5125 5383
       5503 5626 5751 5874 $
72   215 478 606 736 913 985 1503 1784 2515 2635 2754 2878 2999 3123
       3242 3365 3908 4030 4152 4279 4689 4810 4898 5005 5128 5385
       5505 5629 5754 5877 $
73   219 482 611 741 909 989 1507 1789 2519 2639 2758 2882 3003 3127
       3246 3369 3904 4034 4156 4283 4685 4806 4902 5009 5132 5389
       5509 5633 5758 5881 $
74   238 501 632 758 891 1007 1525 1806 2537 2657 2779 2900 3024 3144
       3264 3389 3965 4054 4177 4304 4667 4789 4924 5028 5154 5407
       5528 5652 5776 5899 $
75   241 504 635 761 888 1010 1528 1809 2540 2660 2782 2903 3027 3147
       3267 3392 3962 4057 4180 4307 4664 4786 4927 5031 5157 5410
       5531 5655 5779 5902 $
76   244 507 638 764 885 1013 1531 1812 2543 2663 2785 2906 3030 3150
       3270 3395 3959 4060 4182 4310 4661 4783 4930 5034 5160 5413
       5534 5659 5782 5905 $
77   245 509 639 765 884 1014 1532 1813 2544 2664 2786 2907 3031 3151
       3271 3396 3958 4061 4183 4311 4660 4782 4931 5035 5161 5414
       5535 5660 5783 5906 $
78   249 512 644 769 880 1018 1536 1817 2548 2668 2790 2911 3035 3155
       3275 3400 3954 4065 4187 4315 4656 4778 4935 5039 5165 5418
       5539 5664 5787 5910 $
79   250 513 645 770 879 1019 1537 1818 2549 2669 2791 2912 3036 3156
       3276 3401 3953 4066 4188 4316 4655 4777 4936 5040 5166 5419
       5540 5665 5788 5911 $
80   254 518 649 775 875 1023 1542 1822 2553 2673 2795 2916 3040 3160
       3281 3405 3948 4070 4193 4320 4650 4772 4940 5044 5170 5423
       5545 5670 5793 5915 $
81   255 519 650 776 874 1024 1543 1823 2554 2674 2796 2917 3041 3161
       3282 3406 3947 4071 4194 4321 4649 4771 4941 5045 5171 5424
       5546 5671 5794 5916 $
82   256 520 651 777 873 1025 1544 1824 2555 2675 2797 2918 3042 3162
       3283 3407 3946 4072 4195 4322 4648 4770 4942 5046 5172 5425
       5547 5672 5795 5917 $
83   266 530 661 787 864 1035 1554 1832 2564 2684 2805 2926 3050 3171
       3292 3416 3994 4082 4204 4331 4638 4760 4950 5055 5181 5434
       5556 5681 5805 5926 $
84   269 534 664 790 861 1038 1557 1835 2567 2687 2808 2929 3053 3174
       3295 3419 3991 4085 4207 4334 4635 4758 4953 5058 5184 5437
       5559 5684 5808 5929 $
85   272 537 667 793 858 1040 1559 1838 2569 2689 2811 2932 3056 3177
       3298 3422 3988 4088 4211 4337 4632 4755 4956 5061 5187 5440
       5562 5687 5810 5931 $
86   273 538 670 794 857 1041 1560 1839 2570 2690 2812 2933 3057 3178
       3299 3423 3987 4089 4212 4338 4631 4754 4957 5062 5188 5441
       5563 5688 5811 5932 $
87   278 543 675 798 853 1044 1565 1843 2573 2693 2816 2937 3061 3183
       3303 3428 3983 4094 4217 4342 4627 4750 4961 5066 5192 5445
       5567 5692 5816 5936 $
88   279 544 676 799 852 1045 1566 1844 2574 2694 2817 2938 3062 3184
       3304 3429 3982 4095 4218 4343 4626 4749 4962 5067 5193 5446
       5568 5693 5817 5937 $
89   289 553 686 809 966 1054 1576 1853 2583 2703 2826 2947 3071 3194
       3313 3439 4015 4105 4228 4352 4739 4862 4971 5076 5201 5455
       5577 5702 5827 5946 $
90   290 554 687 810 965 1055 1577 1854 2584 2704 2827 2948 3072 3195
       3314 3440 4014 4106 4229 4353 4738 4861 4972 5077 5202 5456
       5578 5703 5828 5947 $
91   301 568 699 823 952 1067 1589 1867 2596 2716 2839 2960 3084 3207
       3326 3452 4002 4116 4242 4365 4726 4849 4985 5089 5214 5468
       5590 5715 5839 5960 $
92   305 572 706 827 948 1071 1593 1871 2600 2720 2843 2964 3088 3211
       3330 3456 3998 4120 4246 4369 4722 4845 4989 5093 5218 5472
       5594 5719 5843 5964 $
93   308 576 708 831 944 1074 1597 1875 2603 2723 2847 2968 3092 3214
       3334 3459 3937 4123 4249 4373 4718 4841 4993 5097 5222 5476
       5598 5723 5847 5968 $
94   311 579 711 834 941 1077 1600 1878 2606 2726 2850 2971 3095 3217
       3337 3462 3934 4126 4252 4376 4715 4838 4871 5100 5225 5479
       5601 5726 5850 5971 $
95   312 580 712 835 940 1078 1601 1879 2607 2727 2851 2972 3096 3218
       3338 3463 3933 4127 4253 4377 4714 4837 4872 5101 5226 5480
       5602 5727 5851 5972 $
96   317 588 718 841 934 1084 1607 1885 2613 2733 2857 2978 3102 3223
       3344 3468 3928 4132 4258 4383 4708 4831 4878 5107 5232 5486
       5608 5733 5856 5978 $
97   319 590 720 843 932 1086 1609 1887 2615 2735 2859 2980 3104 3225
       3346 3470 3926 4134 4260 4385 4706 4829 4880 5109 5234 5488
       5610 5735 5858 5980 $
98   322 846 929 1089 1890 2618 2738 2862 2983 3107 3227 3349 3473
       3522 3803 3923 4136 4263 4388 4514 4703 4826 4883 5112 5237
       5331 5613 5738 5861 5983 $
99   206 469 597 728 976 1495 1776 2505 2625 2745 2869 2990 3114 3234
       3356 3916 4021 4143 4270 4696 4819 4890 4996 5119 5377 5497
       5620 5745 5868 $
100  243 506 637 763 886 1012 1530 1811 2542 2662 2784 2905 3029 3149
       3269 3394 3960 4059 4309 4662 4784 4929 5033 5159 5412 5533
       5658 5781 5904 $
101  247 642 767 882 1016 1534 1815 2546 2666 2788 2909 3033 3153 3273
       3398 3956 4063 4185 4313 4658 4780 4933 5037 5163 5416 5537
       5662 5785 5908 $
102  274 540 671 795 856 1562 1840 2571 2691 2813 2934 3058 3179 3300
       3424 3986 4090 4213 4339 4630 4753 4958 5063 5189 5442 5564
       5689 5812 5933 $
103  284 548 681 804 971 1049 1571 1848 2578 2698 2821 2942 3066 3189
       3308 3434 3978 4100 4223 4347 4744 4867 4966 5071 5450 5572
       5697 5822 5941 $
104  306 573 828 947 1072 1594 1872 2601 2721 2844 2965 3089 3212 3331
       3457 3997 4121 4247 4370 4721 4844 4990 5094 5219 5473 5595
       5720 5844 5965 $
105  307 574 829 946 1073 1595 1873 2602 2722 2845 2966 3090 3213 3332
       3458 3996 4122 4248 4371 4720 4843 4991 5095 5220 5474 5596
       5721 5845 5966 $
106  309 577 709 832 943 1075 1598 1876 2604 2724 2848 2969 3093 3215
       3335 3460 3936 4124 4250 4374 4717 4840 5098 5223 5477 5599
       5724 5848 5969 $
107  232 495 626 752 897 1001 1519 1800 2531 2651 2773 2894 3018 3138
       3258 3383 3971 4048 4171 4298 4795 4918 5022 5148 5401 5522
       5646 5770 $
108  323 847 928 1090 1612 1891 2619 2739 2863 2984 3108 3228 3350
       3474 3922 4137 4264 4389 4702 4825 4884 5113 5238 5491 5614
       5739 5862 5984 $
109  275 541 673 796 855 1563 1841 2814 2935 3059 3180 3301 3425 3985
       4091 4214 4340 4629 4752 4959 5064 5190 5443 5565 5690 5813
       5934 $
110  321 722 845 930 1088 1611 1889 2617 2737 2861 2982 3106 3348 3472
       3924 4262 4387 4704 4827 4882 5111 5236 5490 5612 5737 5860
       5982 $
111  549 682 805 970 1050 1572 1849 2579 2699 2822 2943 3067 3309 3435
       4224 4348 4398 4743 4866 4967 5072 5197 5451 5573 5698 5823
       5942 $
112  563 695 819 956 1063 1585 1863 2592 2712 2835 2956 3080 3203 3322
       3448 4006 4238 4361 4730 4853 4981 5085 5210 5464 5586 5711
       5956 $
113  214 477 605 914 984 2514 2634 2753 2877 2998 3122 3364 3561 3842
       4029 4151 4278 4554 4811 5004 5127 5293 5628 5753 5876 $
114  257 521 778 872 1026 1545 1825 2556 2676 3284 3408 3512 3793 3945
       4073 4196 4504 4647 4769 5341 5426 5548 5673 5796 5918 $
115  616 904 994 1513 2763 2887 3008 3375 3571 3852 3898 4039 4161
       4289 4564 4680 4801 4907 5014 5137 5283 5514 5638 5764 5886 $
116  297 562 694 957 1062 1584 2591 2711 2834 2955 3079 3202 3447 3531
       3812 4112 4360 4523 4731 4854 5209 5322 5585 5835 $
117  6 65 93 94 108 172 1133 1150 1200 1210 1236 1263 1265 1305 1367
       1373 1401 1429 1455 1477 1479 1700 1755 $
118  105 169 362 1179 1289 1409 1942 1970 1973 2002 2019 2026 2027
       2363 2423 3624 3633 3706 3719 3724 3732 3737 4412 $
119  270 535 665 791 860 1836 2809 2930 3054 3175 3296 3990 4086 4208
       4335 4634 4757 4954 5059 5185 5438 5560 5685 $
120  585 839 936 1082 1605 1883 2611 2731 2855 2976 3100 3342 4381
       4710 4833 4876 5105 5230 5484 5606 5731 5976 $
121  4 64 1209 1454 2350 2351 2356 2365 2381 2382 2397 2418 2426 2427
       2428 2429 2430 2431 2441 2455 2472 $
122  575 707 830 945 1596 1874 2846 2967 3091 3333 4372 4719 4842 4992
       5096 5221 5475 5597 5722 5846 5967 $
123  120 177 194 1100 1223 1240 1267 1300 1418 1469 1489 1635 1664
       1706 1730 2244 $
124  229 491 622 999 2649 2770 3015 3380 3976 4045 4168 4914 5144 5891 $
125  277 1903 1911 3182 3427 3552 3694 3833 4093 4216 4545 5302 5815 $
126  87 1152 1174 1212 1616 1645 1699 1734 1742 1750 1766 1773 $
127  898 2772 2893 3017 4297 4673 4917 5021 5147 5521 5645 5893 $
128  3480 3481 3548 3760 3761 3829 4541 4612 4613 5306 5371 5372 $
129  490 900 2528 2648 2891 3135 4294 4675 5018 5519 5643 $
130  515 772 1539 3278 3951 4190 4653 4775 5542 5667 5790 $
131  2071 2072 2073 2074 2076 2077 2078 2080 2298 2299 2300 $
132  88 129 1097 1328 1329 1364 1365 1470 1472 1487 $
133  100 1249 1394 1723 1936 3546 3617 3827 4538 5308 $
134  125 424 1228 1490 1701 2015 2103 2329 3727 4393 $
135  817 1861 3321 4007 4236 4979 5084 5463 5710 5954 $
136  1935 3543 3598 3634 3824 3879 4535 4592 5256 5311 $
137  2054 2055 2056 2110 2111 2114 2115 2116 2118 2301 $
138  30 382 1225 1376 1663 2033 2297 3717 4431 $
139  99 161 1146 1452 1680 2039 2109 2378 3749 $
140  280 800 1567 3185 3430 4096 4219 4748 5818 $
141  372 3486 3547 3766 3828 4539 4618 5307 5366 $
142  615 1512 2644 3251 3374 3899 4288 5394 5763 $
143  620 2767 3012 4293 4676 4911 5141 5518 5642 $
144  1906 1979 1994 3577 3623 3708 3858 4570 5277 $
145  2359 2395 2396 2436 2437 2438 2463 2464 2465 $
146  3484 3491 3764 3771 4616 4623 4624 5361 5368 $
147  71 458 1119 1331 1684 2179 2488 4446 $
148  156 1157 1285 1622 1937 2243 2354 3618 $
149  184 1107 1120 1185 1197 1246 1355 1440 $
150  228 621 2769 3014 4044 4167 4913 5143 $
151  328 1941 3612 3622 3893 4444 4607 5242 $
152  492 623 3136 3974 4295 4915 5019 5145 $
153  69 98 1112 1192 1193 1222 1422 $
154  89 144 1181 1282 1451 1727 2257 $
155  181 1189 1207 1342 1433 1681 1768 $
156  182 1129 1439 1721 2034 2401 3747 $
157  191 370 1199 1421 1733 2469 4455 $
158  329 404 405 406 407 408 452 $
159  344 1117 1642 2043 2387 3615 4436 $
160  351 352 353 355 356 358 359 $
161  451 1343 1984 2393 2483 3690 4467 $
162  2128 2129 2130 2131 2132 2133 2134 $
163  2374 2376 2445 2446 2484 2485 2486 $
164  8 1284 3591 3872 4585 5263 $
165  48 77 82 146 1123 1387 $
166  55 1227 1327 1717 2162 2468 $
167  66 67 1132 1411 1690 2159 $
168  75 1198 1366 1732 2186 2331 $
169  86 1175 1320 1718 2241 2489 $
170  90 1262 1391 1743 2258 2394 $
171  95 1270 1316 1736 2158 2432 $
172  104 340 1237 1716 2408 4396 $
173  116 2425 3590 3871 4584 5264 $
174  168 1238 1348 1419 1719 2372 $
175  178 1139 1338 1765 2230 2482 $
176  180 1124 1254 1340 1621 1720 $
177  331 1264 1632 1954 3640 4418 $
178  337 1953 2416 2435 3642 4425 $
179  465 1127 1624 1974 3704 4421 $
180  494 751 1518 1799 3257 5400 $
181  998 2768 3013 4912 5142 5890 $
182  2008 3525 3742 3806 4517 5328 $
183  2135 2136 2271 2314 2315 2316 $
184  0 140 141 1333 1393 $
185  2 1221 1291 1731 2456 $
186  3 1203 1410 1748 2349 $
187  14 1242 1371 1756 2406 $
188  16 1258 1483 1629 2364 $
189  84 1196 1318 1715 2352 $
190  85 1113 1114 1319 1714 $
191  103 1125 1688 2379 2388 $
192  111 1115 1356 1767 2370 $
193  121 1224 1290 1678 2242 $
194  135 1213 1464 1749 2342 $
195  145 1239 1314 1754 2270 $
196  147 1149 1431 1685 2499 $
197  149 1216 1463 1761 2371 $
198  150 1143 1341 1692 2106 $
199  160 1191 1465 1694 2392 $
200  173 1404 1407 1413 2343 $
201  176 1128 1306 1625 2209 $
202  183 1122 1280 1623 2166 $
203  192 1214 1420 1728 2152 $
204  196 1218 1276 1763 2452 $
205  262 1031 3167 4078 4764 $
206  392 1915 2333 3656 4454 $
207  402 432 433 434 435 $
208  423 1908 1958 2022 3733 $
209  749 1797 3255 3975 5398 $
210  818 1862 4237 4980 5955 $
211  1232 1295 1752 1914 3657 $
212  2070 3596 3877 4590 5258 $
213  3551 3832 4399 4544 5303 $
214  7 1194 1486 2098 $
215  11 1336 1386 1448 $
216  17 1101 1482 1745 $
217  23 1279 1354 1471 $
218  41 1156 1459 1672 $
219  43 1253 1458 1697 $
220  63 1154 1345 1724 $
221  73 1111 1644 2279 $
222  106 1116 1475 1713 $
223  119 1195 1395 1751 $
224  123 1167 1415 1660 $
225  134 1180 1438 1705 $
226  158 1134 1311 1770 $
227  159 1106 1466 1650 $
228  174 1206 1283 1677 $
229  202 1130 1293 1722 $
230  203 1248 1292 1769 $
231  227 3379 4043 4165 $
232  349 2000 3722 4443 $
233  383 1899 2389 3752 $
234  387 1940 3620 4480 $
235  420 1948 3638 4488 $
236  441 2040 3748 4407 $
237  453 1996 3711 4465 $
238  527 658 1551 4641 $
239  652 4323 5047 5173 $
240  1913 1918 3651 3693 $
241  1929 1965 3662 3673 $
242  1956 2036 3684 3745 $
243  1968 1978 3670 3699 $
244  2200 2202 2204 2207 $
245  2273 2275 2277 2295 $
246  3498 3779 4490 5354 $
247  3501 3782 4493 5352 $
248  3502 3783 4494 5351 $
249  3504 3785 4496 5349 $
250  3505 3786 4497 5348 $
251  3506 3787 4498 5347 $
252  3509 3790 4501 5344 $
253  3510 3791 4502 5343 $
254  3511 3792 4503 5342 $
255  3519 3800 4511 5334 $
256  3520 3801 4512 5333 $
257  3521 3802 4513 5332 $
258  3542 3823 4534 5312 $
259  3544 3825 4536 5310 $
260  3545 3826 4537 5309 $
261  3549 3830 4542 5305 $
262  3553 3834 4546 5301 $
263  3554 3835 4547 5300 $
264  3555 3836 4548 5299 $
265  3556 3837 4549 5298 $
266  3559 3840 4552 5295 $
267  3562 3843 4555 5292 $
268  3565 3846 4558 5289 $
269  3570 3851 4563 5284 $
270  3574 3855 4567 5280 $
271  3576 3857 4569 5278 $
272  3579 3860 4572 5275 $
273  3584 3865 4577 5270 $
274  3586 3867 4579 5268 $
275  3587 3868 4580 5267 $
276  3588 3869 4581 5266 $
277  3597 3878 4591 5257 $
278  3599 3880 4593 5255 $
279  3601 3882 4595 5253 $
280  3603 3884 4597 5251 $
281  3605 3886 4600 5249 $
282  3606 3887 4601 5248 $
283  3611 3892 4606 5243 $
284  27 1109 1653 $
285  52 1324 1630 $
286  76 1361 2399 $
287  92 1445 1631 $
288  114 1163 1633 $
289  115 1260 1655 $
290  200 1334 1737 $
291  201 1335 2434 $
292  288 3193 4104 $
293  336 1931 4426 $
294  369 2045 4456 $
295  381 2042 3616 $
296  1105 1647 1649 $
297  1153 1665 2253 $
298  1252 1698 2252 $
299  1257 1628 2247 $
300  1939 1981 3687 $
301  1999 3665 3715 $
302  2201 2203 2206 $
303  2274 2276 2278 $
304  2309 2310 2311 $
305  2317 2318 2319 $
306  3382 4170 5769 $
307  3492 3772 5360 $
308  3493 3773 5359 $
309  3494 3774 5358 $
310  3495 3775 5357 $
311  3496 3776 5356 $
312  3497 3777 5355 $
313  3499 3780 4491 $
314  3541 3822 4533 $
315  1 1168 $
316  9 1485 $
317  13 1425 $
318  15 1095 $
319  19 1426 $
320  24 1402 $
321  26 1378 $
322  33 1374 $
323  39 1462 $
324  42 1271 $
325  44 1457 $
326  47 1259 $
327  49 1450 $
328  51 1326 $
329  54 1321 $
330  59 1353 $
331  60 1352 $
332  68 1158 $
333  91 1375 $
334  96 1317 $
335  97 1442 $
336  101 1359 $
337  110 1233 $
338  112 1277 $
339  117 1397 $
340  118 1396 $
341  130 1406 $
342  138 1478 $
343  139 1473 $
344  142 1480 $
345  154 1303 $
346  162 1294 $
347  165 1273 $
348  166 1456 $
349  171 1405 $
350  179 1269 $
351  185 1148 $
352  186 1444 $
353  189 1474 $
354  195 1301 $
355  197 1278 $
356  198 1347 $
357  231 4047 $
358  334 4427 $
359  339 4397 $
360  341 4395 $
361  346 4439 $
362  365 4410 $
363  378 4404 $
364  389 4482 $
365  394 414 $
366  398 4473 $
367  401 4476 $
368  415 2403 $
369  416 4405 $
370  428 4471 $
371  430 4472 $
372  431 4451 $
373  438 4409 $
374  442 4469 $
375  443 4468 $
376  444 4464 $
377  448 4461 $
378  449 450 $
379  456 4448 $
380  462 4450 $
381  539 1561 $
382  625 3137 $
383  737 1785 $
384  1098 1641 $
385  1099 1643 $
386  1108 1652 $
387  1126 1764 $
388  1135 1725 $
389  1138 1656 $
390  1141 1683 $
391  1142 1619 $
392  1144 1693 $
393  1145 1626 $
394  1159 1674 $
395  1171 1657 $
396  1182 1711 $
397  1183 1666 $
398  1188 1617 $
399  1204 1747 $
400  1205 1441 $
401  1208 1759 $
402  1229 1702 $
403  1230 1298 $
404  1234 1676 $
405  1235 1686 $
406  1244 1618 $
407  1250 1744 $
408  1255 1703 $
409  1307 1309 $
410  1308 1310 $
411  1322 1428 $
412  1337 1449 $
413  1349 1772 $
414  1384 2052 $
415  1896 3756 $
416  1897 3755 $
417  1900 3751 $
418  1901 3630 $
419  1902 3631 $
420  1904 3632 $
421  1905 3626 $
422  1907 3648 $
423  1910 3650 $
424  1912 3627 $
425  1916 3654 $
426  1917 3655 $
427  1920 3652 $
428  1921 3653 $
429  1923 3692 $
430  1924 3691 $
431  1925 3695 $
432  1926 3697 $
433  1928 3643 $
434  1930 3644 $
435  1932 3645 $
436  1933 3646 $
437  1944 3628 $
438  1947 3637 $
439  1952 3681 $
440  1957 3685 $
441  1959 3679 $
442  1960 3677 $
443  1961 3676 $
444  1962 3675 $
445  1963 3674 $
446  1966 3672 $
447  1967 3671 $
448  1972 3700 $
449  1975 3703 $
450  1976 3702 $
451  1977 3705 $
452  1980 3698 $
453  1982 3688 $
454  1986 3659 $
455  1987 3660 $
456  1991 3669 $
457  1993 3707 $
458  1995 3710 $
459  1998 3714 $
460  2006 3744 $
461  2007 3743 $
462  2010 3741 $
463  2012 3739 $
464  2016 3726 $
465  2017 3728 $
466  2018 3731 $
467  2021 3730 $
468  2023 3735 $
469  2028 3723 $
470  2035 3746 $
471  2041 3753 $
472  2044 3614 $
473  2046 3613 $
474  2088 2102 $
475  2145 2146 $
476  2171 2173 $
477  2216 2217 $
478  2259 2260 $
479  2261 2262 $
480  2284 2291 $
481  2323 2325 $
482  2358 2421 $
483  2404 2405 $
484  2461 2471 $
485  2470 2496 $
486  3421 4210 $
487  3972 4796 $
488  4416 4417 $
489  12 $
490  18 $
491  20 $
492  21 $
493  28 $
494  29 $
495  31 $
496  32 $
497  35 $
498  36 $
499  37 $
500  38 $
501  40 $
502  53 $
503  56 $
504  57 $
505  58 $
506  70 $
507  72 $
508  74 $
509  81 $
510  83 $
511  102 $
512  107 $
513  109 $
514  113 $
515  122 $
516  126 $
517  127 $
518  132 $
519  133 $
520  137 $
521  143 $
522  152 $
523  163 $
524  170 $
525  187 $
526  190 $
527  193 $
528  327 $
529  332 $
530  333 $
531  335 $
532  338 $
533  343 $
534  345 $
535  347 $
536  350 $
537  354 $
538  357 $
539  360 $
540  363 $
541  364 $
542  366 $
543  367 $
544  371 $
545  375 $
546  376 $
547  384 $
548  393 $
549  397 $
550  409 $
551  410 $
552  413 $
553  418 $
554  419 $
555  421 $
556  422 $
557  425 $
558  427 $
559  429 $
560  437 $
561  439 $
562  445 $
563  446 $
564  447 $
565  454 $
566  457 $
567  459 $
568  460 $
569  461 $
570  463 $
571  464 $
572  466 $
573  508 $
574  511 $
575  559 $
576  624 $
577  672 $
578  702 $
579  703 $
580  983 $
581  1042 $
582  1102 $
583  1103 $
584  1104 $
585  1121 $
586  1131 $
587  1147 $
588  1161 $
589  1164 $
590  1165 $
591  1169 $
592  1170 $
593  1176 $
594  1177 $
595  1186 $
596  1201 $
597  1202 $
598  1217 $
599  1219 $
600  1226 $
601  1241 $
602  1243 $
603  1245 $
604  1247 $
605  1261 $
606  1266 $
607  1274 $
608  1275 $
609  1281 $
610  1287 $
611  1297 $
612  1299 $
613  1313 $
614  1315 $
615  1323 $
616  1325 $
617  1339 $
618  1346 $
619  1351 $
620  1357 $
621  1358 $
622  1360 $
623  1362 $
624  1363 $
625  1368 $
626  1369 $
627  1370 $
628  1372 $
629  1377 $
630  1380 $
631  1381 $
632  1383 $
633  1385 $
634  1388 $
635  1389 $
636  1390 $
637  1399 $
638  1403 $
639  1408 $
640  1412 $
641  1416 $
642  1417 $
643  1432 $
644  1434 $
645  1436 $
646  1437 $
647  1453 $
648  1460 $
649  1461 $
650  1467 $
651  1476 $
652  1481 $
653  1491 $
654  1634 $
655  1636 $
656  1637 $
657  1639 $
658  1648 $
659  1651 $
660  1654 $
661  1667 $
662  1670 $
663  1671 $
664  1673 $
665  1679 $
666  1691 $
667  1696 $
668  1704 $
669  1712 $
670  1726 $
671  1735 $
672  1746 $
673  1753 $
674  1757 $
675  1758 $
676  1760 $
677  1762 $
678  1771 $
679  1919 $
680  1922 $
681  1927 $
682  1964 $
683  2003 $
684  2004 $
685  2005 $
686  2009 $
687  2024 $
688  2030 $
689  2032 $
690  2037 $
691  2038 $
692  2047 $
693  2049 $
694  2050 $
695  2051 $
696  2053 $
697  2057 $
698  2058 $
699  2059 $
700  2060 $
701  2061 $
702  2062 $
703  2063 $
704  2064 $
705  2065 $
706  2066 $
707  2067 $
708  2068 $
709  2069 $
710  2075 $
711  2079 $
712  2081 $
713  2082 $
714  2083 $
715  2084 $
716  2085 $
717  2087 $
718  2089 $
719  2090 $
720  2091 $
721  2092 $
722  2093 $
723  2095 $
724  2097 $
725  2100 $
726  2101 $
727  2104 $
728  2105 $
729  2107 $
730  2108 $
731  2112 $
732  2113 $
733  2117 $
734  2119 $
735  2120 $
736  2121 $
737  2122 $
738  2123 $
739  2124 $
740  2125 $
741  2126 $
742  2127 $
743  2137 $
744  2138 $
745  2139 $
746  2140 $
747  2143 $
748  2144 $
749  2147 $
750  2148 $
751  2149 $
752  2150 $
753  2151 $
754  2153 $
755  2154 $
756  2155 $
757  2156 $
758  2157 $
759  2161 $
760  2164 $
761  2165 $
762  2167 $
763  2168 $
764  2169 $
765  2170 $
766  2172 $
767  2174 $
768  2175 $
769  2177 $
770  2178 $
771  2180 $
772  2182 $
773  2183 $
774  2184 $
775  2185 $
776  2187 $
777  2190 $
778  2191 $
779  2192 $
780  2193 $
781  2194 $
782  2196 $
783  2197 $
784  2198 $
785  2199 $
786  2205 $
787  2208 $
788  2210 $
789  2211 $
790  2212 $
791  2213 $
792  2214 $
793  2215 $
794  2218 $
795  2219 $
796  2220 $
797  2221 $
798  2222 $
799  2223 $
800  2224 $
801  2225 $
802  2226 $
803  2227 $
804  2228 $
805  2229 $
806  2231 $
807  2232 $
808  2235 $
809  2236 $
810  2237 $
811  2239 $
812  2245 $
813  2250 $
814  2251 $
815  2254 $
816  2255 $
817  2256 $
818  2263 $
819  2264 $
820  2265 $
821  2266 $
822  2267 $
823  2268 $
824  2269 $
825  2272 $
826  2281 $
827  2282 $
828  2283 $
829  2285 $
830  2287 $
831  2288 $
832  2289 $
833  2290 $
834  2292 $
835  2293 $
836  2296 $
837  2303 $
838  2304 $
839  2305 $
840  2306 $
841  2307 $
842  2308 $
843  2312 $
844  2313 $
845  2320 $
846  2321 $
847  2322 $
848  2324 $
849  2326 $
850  2327 $
851  2328 $
852  2330 $
853  2332 $
854  2334 $
855  2335 $
856  2339 $
857  2341 $
858  2344 $
859  2345 $
860  2346 $
861  2347 $
862  2348 $
863  2353 $
864  2355 $
865  2361 $
866  2367 $
867  2368 $
868  2369 $
869  2375 $
870  2377 $
871  2380 $
872  2385 $
873  2386 $
874  2390 $
875  2391 $
876  2400 $
877  2407 $
878  2409 $
879  2410 $
880  2411 $
881  2412 $
882  2413 $
883  2414 $
884  2415 $
885  2420 $
886  2422 $
887  2424 $
888  2440 $
889  2442 $
890  2447 $
891  2448 $
892  2450 $
893  2451 $
894  2453 $
895  2454 $
896  2457 $
897  2459 $
898  2460 $
899  2462 $
900  2466 $
901  2467 $
902  2473 $
903  2474 $
904  2475 $
905  2477 $
906  2478 $
907  2480 $
908  2487 $
909  2491 $
910  2492 $
911  2493 $
912  2494 $
913  2495 $
914  2497 $
915  2500 $
916  2502 $
917  2524 $
918  2530 $
919  3621 $
920  3629 $
921  3641 $
922  3664 $
923  3667 $
924  3678 $
925  3686 $
926  3696 $
927  3712 $
928  3720 $
929  3729 $
930  3750 $
931  3778 $
932  3894 $
933  4166 $
934  4400 $
935  4401 $
936  4411 $
937  4419 $
938  4422 $
939  4423 $
940  4424 $
941  4428 $
942  4429 $
943  4432 $
944  4433 $
945  4435 $
946  4437 $
947  4438 $
948  4440 $
949  4442 $
950  4447 $
951  4457 $
952  4458 $
953  4460 $
954  4462 $
955  4463 $
956  4466 $
957  4470 $
958  4485 $
959  4489 $
960  4540 $
961  4598 $
962  5801 $
)
