# cline: mcl ./orthofinder/Results_Jul04/WorkingDirectory/OrthoFinder_graph.txt "-I" "1.5" "-o" "./orthofinder/Results_Jul04/WorkingDirectory/clusters_OrthoFinder_I1.5.txt" "-te" "8" "-V" "all"
(mclheader
mcltype matrix
dimensions 5866x925
)
(mclmatrix
begin
0    30 213 293 424 550 691 799 933 1196 1231 1317 1537 1598 1697 1914
       2137 2138 2287 2407 2529 2650 2774 2894 3014 3139 3332 3490
       3613 3723 3804 3927 4054 4156 4325 4425 4547 4731 4736 4798
       4902 5028 5154 5281 5402 5526 5650 5773 $
1    6 186 269 397 528 714 776 962 1210 1295 1455 1576 1769 1942 2233
       2263 2264 2383 2384 2503 2627 2748 2872 2992 3114 3311 3389
       3592 3666 3779 3901 4028 4237 4304 4447 4569 4642 4772 4878
       5001 5175 5259 5379 5502 5627 5750 $
2    78 342 475 598 769 843 1365 1642 2330 2450 2573 2694 2818 2941
       3060 3186 3233 3241 3361 3513 3521 3642 3734 3852 3975 4099
       4356 4362 4364 4365 4373 4500 4623 4700 4743 4842 4947 5073
       5125 5243 5251 5326 5448 5573 5698 5817 $
3    7 199 270 398 529 713 777 958 1126 1296 1491 1577 1725 1895 2244
       2265 2385 2504 2628 2749 2873 2993 3115 3312 3422 3467 3593
       3665 3780 3902 4029 4199 4305 4446 4568 4641 4773 4879 5002
       5174 5260 5380 5503 5628 5751 $
4    14 251 277 405 406 536 706 784 1016 1226 1302 1416 1584 1766 1987
       2092 2272 2392 2511 2635 2756 2880 2999 3122 3318 3479 3599
       3659 3787 3909 4036 4203 4311 4440 4561 4635 4779 4886 5009
       5168 5266 5386 5510 5635 5758 $
5    29 207 292 423 549 692 798 932 1242 1243 1316 1478 1597 1798 2048
       2111 2286 2406 2528 2649 2773 2893 3013 3138 3329 3472 3610
       3724 3803 3926 4053 4241 4322 4426 4548 4730 4797 4901 5027
       5157 5280 5401 5525 5649 5772 $
6    77 173 341 473 474 597 647 842 914 1188 1364 1483 1641 1783 1840
       2091 2329 2449 2572 2693 2817 2940 3059 3185 3346 3508 3627
       3735 3851 3974 4098 4188 4340 4379 4501 4701 4841 4946 5072
       5140 5325 5447 5572 5697 5816 $
7    91 138 356 488 611 755 856 980 1239 1378 1464 1655 1780 1850 2034
       2255 2343 2463 2586 2707 2831 2954 3073 3199 3283 3393 3564
       3763 3865 3988 4112 4148 4275 4487 4610 4665 4855 4960 5085
       5202 5339 5461 5586 5711 5830 $
8    111 191 192 379 380 511 634 733 877 968 1092 1400 1454 1678 1691
       2173 2364 2484 2608 2729 2853 2975 3095 3220 3291 3470 3572
       3684 3884 4010 4134 4174 4283 4465 4588 4683 4753 4982 5107
       5194 5361 5483 5608 5732 5853 $
9    112 263 382 383 512 636 731 879 1011 1220 1402 1525 1680 1714
       1930 2156 2366 2486 2610 2731 2855 2976 3097 3221 3290 3475
       3571 3683 3885 4011 4136 4238 4282 4463 4586 4739 4755 4984
       5109 5195 5363 5485 5610 5733 5855 $
10   4 176 267 395 526 716 774 986 1108 1293 1535 1574 1733 1896 2197
       2261 2381 2501 2625 2746 2870 2990 3112 3354 3455 3635 3668
       3777 3899 4026 4184 4348 4448 4571 4644 4770 4876 4999 5132
       5257 5377 5500 5625 5748 $
11   20 232 283 413 542 699 791 890 1068 1310 1465 1590 1761 2000 2193
       2279 2399 2518 2642 2763 2886 3006 3130 3326 3494 3607 3651
       3794 3916 4044 4206 4319 4433 4554 4627 4786 4893 5016 5160
       5273 5393 5517 5643 5765 $
12   31 196 294 425 551 690 800 969 1098 1318 1458 1599 1788 1988 2171
       2288 2408 2530 2651 2775 2895 3015 3140 3243 3434 3523 3722
       3805 3928 4055 4229 4375 4424 4546 4737 4799 4903 5029 5241
       5282 5403 5527 5651 5774 $
13   33 181 296 427 553 688 802 1047 1140 1320 1534 1601 1762 2040
       2116 2290 2410 2532 2653 2777 2897 3017 3142 3242 3401 3522
       3720 3807 3930 4057 4233 4374 4422 4544 4708 4801 4905 5031
       5242 5284 5405 5529 5653 5776 $
14   35 187 298 429 555 686 804 1064 1280 1322 1434 1603 1703 1994
       2152 2292 2412 2534 2655 2779 2899 3019 3144 3239 3379 3519
       3718 3809 3932 4059 4207 4371 4420 4542 4706 4803 4907 5033
       5245 5286 5407 5531 5655 5778 $
15   56 170 320 451 577 665 825 956 1084 1344 1471 1624 1694 1943 2114
       2313 2433 2554 2675 2799 2919 3041 3165 3269 3373 3550 3696
       3830 3953 4080 4168 4261 4398 4520 4719 4823 4928 5054 5216
       5307 5429 5554 5677 5799 $
16   63 175 327 458 584 659 832 1007 1284 1351 1503 1629 1759 2003
       2230 2319 2439 2560 2681 2805 2926 3047 3171 3358 3415 3639
       3747 3837 3959 4086 4157 4353 4391 4513 4650 4829 4934 5060
       5128 5313 5435 5560 5684 5805 $
17   87 208 351 484 607 760 852 1052 1264 1374 1423 1651 1699 1992
       2187 2339 2459 2582 2703 2827 2950 3069 3195 3277 3463 3558
       3767 3861 3984 4108 4240 4269 4491 4614 4669 4851 4956 5081
       5208 5335 5457 5582 5707 5826 $
18   88 195 352 485 608 759 853 983 1146 1375 1457 1652 1763 1848 2127
       2340 2460 2583 2704 2828 2951 3070 3196 3278 3488 3559 3766
       3862 3985 4109 4228 4270 4490 4613 4668 4852 4957 5082 5207
       5336 5458 5583 5708 5827 $
19   106 169 374 506 629 738 872 892 1178 1395 1436 1673 1758 1853
       2198 2359 2479 2603 2724 2848 2970 3090 3215 3294 3417 3575
       3689 3879 4005 4129 4169 4286 4470 4593 4688 4748 4977 5102
       5191 5356 5478 5603 5727 5848 $
20   120 236 388 519 644 723 887 1027 1175 1409 1485 1688 1720 2002
       2203 2374 2494 2618 2739 2863 2983 3105 3229 3289 3436 3570
       3675 3892 4019 4144 4162 4281 4455 4578 4694 4763 4992 5117
       5196 5370 5493 5618 5741 5863 $
21   121 157 389 520 645 722 888 947 1219 1410 1506 1689 1800 1935
       2090 2375 2495 2619 2740 2864 2984 3106 3230 3363 3412 3644
       3674 3893 4020 4145 4167 4358 4454 4577 4695 4764 4993 5118
       5123 5371 5494 5619 5742 5864 $
22   44 184 439 564 677 813 906 1100 1331 1442 1612 1744 1917 2252
       2301 2421 2543 2664 2788 2908 3028 3153 3254 3443 3535 3709
       3818 3940 4068 4235 4246 4411 4533 4675 4812 4916 5042 5231
       5295 5416 5541 5664 5787 $
23   95 222 361 362 493 617 750 861 1288 1383 1661 1746 2235 2348 2468
       2591 2712 2836 2959 3078 3204 3287 3437 3568 3758 3868 3994
       4117 4160 4279 4482 4605 4659 4861 4965 5090 5198 5344 5466
       5591 5715 5836 $
24   109 182 377 509 632 735 875 1270 1398 1676 1692 2120 2362 2482
       2606 2727 2851 2973 3093 3218 3293 3492 3574 3686 3882 4008
       4132 4232 4285 4467 4590 4685 4751 4980 5105 5192 5359 5481
       5606 5730 5851 $
25   64 328 329 459 585 658 833 936 1223 1352 1504 1630 2320 2440 2561
       2682 2806 2927 3048 3172 3343 3624 3746 3838 3960 4087 4336
       4337 4390 4651 4830 4935 5061 5143 5314 5436 5561 5685 5806 $
26   89 144 353 486 609 758 854 1376 1653 1748 2341 2461 2584 2705
       2829 2952 3071 3197 3280 3403 3561 3765 3863 3986 4110 4195
       4272 4489 4612 4667 4853 4958 5083 5205 5337 5459 5584 5709
       5828 $
27   47 310 442 567 674 816 1334 1615 1693 2304 2424 2546 2667 2791
       2911 3031 3156 3257 3420 3538 3706 3821 3943 4071 4231 4249
       4408 4530 4710 4815 4919 5045 5228 5298 5419 5544 5667 5790 $
28   5 268 396 527 715 775 919 1194 1294 1575 2262 2382 2502 2626 2747
       2871 2991 3113 3356 3511 3637 3667 3778 3900 4027 4350 4570
       4643 4771 4877 5000 5130 5258 5378 5501 5626 5749 $
29   61 325 456 581 582 661 830 1349 1627 2317 2437 2558 2679 2803
       2924 3045 3169 3272 3553 3692 3749 3835 3957 4084 4264 4393
       4515 4648 4827 4932 5058 5213 5311 5433 5558 5682 5803 $
30   0 126 264 391 522 719 770 1289 1570 2257 2377 2497 2621 2742 2866
       2986 3108 3337 3618 3672 3773 3895 4022 4330 4452 4575 4697
       4766 4872 4995 5149 5253 5373 5496 5621 5744 $
31   81 346 479 602 765 847 1369 1646 2334 2454 2577 2698 2822 2944
       3064 3190 3348 3629 3731 3772 3855 3979 4103 4342 4496 4619
       4747 4846 4951 5076 5138 5330 5452 5577 5702 5821 $
32   90 354 487 610 756 757 855 1377 1654 2342 2462 2585 2706 2830
       2953 3072 3198 3281 3562 3764 3864 3987 4111 4273 4488 4611
       4666 4854 4959 5084 5204 5338 5460 5585 5710 5829 $
33   122 390 521 646 720 721 889 1411 1690 2376 2496 2620 2741 2865
       2985 3107 3231 3339 3620 3673 3894 4021 4146 4332 4453 4576
       4696 4765 4994 5119 5147 5372 5495 5620 5743 5865 $
34   12 275 403 534 708 782 1300 1582 2270 2390 2509 2633 2754 2878
       2997 3120 3317 3598 3661 3785 3907 4034 4310 4442 4563 4637
       4777 4884 5007 5169 5264 5384 5508 5633 5756 $
35   13 276 404 535 707 783 1301 1583 2271 2391 2510 2634 2755 2879
       2998 3121 3362 3643 3660 3786 3908 4035 4357 4441 4562 4636
       4778 4885 5008 5124 5265 5385 5509 5634 5757 $
36   18 281 409 540 702 788 1306 1588 2276 2396 2515 2639 2760 2884
       3003 3126 3322 3603 3655 3791 3913 4040 4315 4436 4557 4630
       4783 4890 5013 5164 5270 5390 5514 5639 5762 $
37   19 282 410 541 701 789 1307 1589 2277 2397 2516 2640 2761 2885
       3004 3127 3323 3604 3654 3792 3914 4041 4316 4435 4556 4629
       4784 4891 5014 5163 5271 5391 5515 5640 5763 $
38   21 284 414 543 698 792 1311 1591 2280 2400 2519 2643 2764 2887
       3007 3131 3327 3608 3650 3795 3917 4045 4320 4432 4553 4626
       4787 4894 5017 5159 5274 5394 5518 5644 5766 $
39   22 285 415 544 697 793 1312 1592 2281 2401 2520 2644 2765 2888
       3008 3132 3320 3601 3649 3796 3918 4046 4313 4431 4552 4625
       4788 4895 5018 5166 5275 5395 5519 5645 5767 $
40   32 295 426 552 689 801 1319 1600 2289 2409 2531 2652 2776 2896
       3016 3141 3364 3645 3721 3806 3929 4056 4359 4423 4545 4738
       4800 4904 5030 5122 5283 5404 5528 5652 5775 $
41   36 299 430 556 685 805 1323 1604 2293 2413 2535 2656 2780 2900
       3020 3145 3244 3524 3717 3810 3933 4060 4376 4419 4541 4705
       4804 4908 5034 5240 5287 5408 5532 5656 5779 $
42   48 312 443 569 673 817 1336 1616 2305 2425 2547 2668 2792 2912
       3033 3157 3261 3542 3704 3822 3945 4072 4253 4406 4528 4711
       4816 4920 5046 5224 5299 5421 5546 5669 5791 $
43   49 313 444 570 672 818 1337 1617 2306 2426 2548 2669 2793 2913
       3034 3158 3262 3543 3703 3823 3946 4073 4254 4405 4527 4712
       4817 4921 5047 5223 5300 5422 5547 5670 5792 $
44   54 318 449 575 667 823 1342 1622 2311 2431 2552 2673 2797 2917
       3039 3163 3267 3548 3698 3828 3951 4078 4259 4400 4522 4717
       4821 4926 5052 5218 5305 5427 5552 5675 5797 $
45   55 319 450 576 666 824 1343 1623 2312 2432 2553 2674 2798 2918
       3040 3164 3268 3549 3697 3829 3952 4079 4260 4399 4521 4718
       4822 4927 5053 5217 5306 5428 5553 5676 5798 $
46   57 321 452 578 664 826 1345 2094 2314 2434 2555 2676 2800 2920
       3042 3166 3270 3551 3695 3831 3954 4081 4262 4397 4519 4645
       4824 4929 5055 5215 5308 5430 5555 5678 5800 $
47   59 322 453 579 663 828 1346 1625 2315 2435 2556 2677 2801 2922
       3043 3167 3282 3563 3694 3833 3955 4082 4274 4396 4517 4646
       4825 4930 5056 5203 5309 5431 5556 5680 5801 $
48   60 324 455 580 662 829 1348 1626 2316 2436 2557 2678 2802 2923
       3044 3168 3271 3552 3693 3834 3956 4083 4263 4394 4516 4647
       4826 4931 5057 5214 5310 5432 5557 5681 5802 $
49   79 343 476 599 768 844 1366 1643 2331 2451 2574 2695 2819 2942
       3061 3187 3347 3628 3733 3853 3976 4100 4341 4499 4622 4744
       4843 4948 5074 5139 5327 5449 5574 5699 5818 $
50   82 347 480 603 764 848 1370 1647 2335 2455 2578 2699 2823 2945
       3065 3191 3349 3630 3771 3856 3980 4104 4343 4495 4618 4746
       4847 4952 5077 5137 5331 5453 5578 5703 5822 $
51   83 348 481 604 763 849 1371 1648 2336 2456 2579 2700 2824 2946
       3066 3192 3236 3516 3770 3857 3981 4105 4368 4494 4617 4672
       4848 4953 5078 5248 5332 5454 5579 5704 5823 $
52   94 360 492 616 751 860 1382 1660 2347 2467 2590 2711 2835 2958
       3077 3203 3286 3567 3759 3867 3993 4116 4278 4483 4606 4660
       4860 4964 5089 5199 5343 5465 5590 5714 5835 $
53   96 363 494 618 749 862 1384 1662 2349 2469 2592 2713 2837 2960
       3079 3205 3335 3616 3757 3869 3995 4118 4328 4481 4604 4658
       4862 4966 5091 5151 5345 5467 5592 5716 5837 $
54   99 366 497 621 746 865 1387 1665 2352 2472 2595 2716 2840 2963
       3082 3208 3334 3615 3754 3872 3998 4121 4327 4478 4601 4735
       4865 4969 5094 5152 5348 5470 5595 5719 5840 $
55   110 378 510 633 734 876 1399 1677 2363 2483 2607 2728 2852 2974
       3094 3219 3292 3573 3685 3883 4009 4133 4284 4466 4589 4684
       4752 4981 5106 5193 5360 5482 5607 5731 5852 $
56   114 385 515 638 729 881 1404 1682 2368 2488 2612 2733 2857 2978
       3099 3223 3288 3569 3681 3887 4013 4138 4280 4461 4584 4742
       4757 4986 5111 5197 5365 5487 5612 5735 5857 $
57   116 387 517 640 727 883 1406 1684 2370 2490 2614 2735 2859 2980
       3101 3225 3232 3512 3679 3889 4015 4140 4363 4459 4582 4690
       4759 4988 5113 5252 5367 5489 5614 5737 5859 $
58   1 392 523 718 771 1290 1571 2258 2378 2498 2622 2743 2867 2987
       3109 3336 3617 3671 3774 3896 4023 4329 4451 4574 4698 4767
       4873 4996 5150 5254 5374 5497 5622 5745 $
59   9 272 400 531 711 1298 1579 2267 2387 2506 2630 2751 2875 2995
       3117 3314 3595 3663 3782 3904 4031 4307 4444 4566 4639 4775
       4881 5004 5172 5262 5382 5505 5630 5753 $
60   17 280 539 703 787 1305 1587 2275 2395 2514 2638 2759 2883 3002
       3125 3321 3602 3656 3790 3912 4039 4314 4437 4558 4631 4782
       4889 5012 5165 5269 5389 5513 5638 5761 $
61   92 357 489 612 754 857 1379 1656 2344 2464 2587 2708 2832 2955
       3074 3200 3284 3565 3762 3989 4113 4276 4486 4609 4664 4856
       4961 5086 5201 5340 5462 5587 5712 5831 $
62   26 289 546 695 796 1313 1594 2283 2404 2525 2646 2770 3010 3135
       3304 3585 3727 3800 3923 4050 4297 4428 4551 4727 4794 4898
       5024 5182 5277 5398 5522 5646 5770 $
63   72 338 464 465 470 593 650 839 1360 1638 2326 2446 2569 2690 2814
       2935 3056 3180 3738 3846 3969 4095 4382 4505 4704 4838 4943
       5069 5322 5444 5569 5692 5813 $
64   16 279 408 513 538 704 786 1304 1586 2274 2394 2513 2637 2758
       2882 3001 3124 3657 3789 3911 4038 4438 4559 4633 4781 4888
       5011 5268 5388 5512 5637 5760 $
65   38 301 432 558 683 807 1325 1606 2295 2415 2537 2658 2782 2902
       3022 3147 3715 3812 3935 4062 4417 4539 4681 4806 4910 5036
       5289 5410 5534 5535 5658 5781 $
66   42 306 436 437 562 679 811 1329 1610 2299 2419 2541 2662 2786
       2906 3026 3151 3711 3816 3938 4066 4413 4535 4677 4810 4914
       5040 5293 5414 5539 5662 5785 $
67   46 309 441 566 675 815 1333 1614 2303 2423 2545 2666 2790 2910
       3030 3155 3707 3820 3942 4070 4409 4531 4673 4709 4814 4918
       5044 5297 5418 5543 5666 5789 $
68   67 332 462 588 655 835 1354 1633 1802 2322 2442 2564 2685 2809
       2930 3051 3174 3743 3841 3963 4090 4387 4510 4654 4833 4938
       5064 5317 5439 5564 5687 5808 $
69   98 365 496 620 747 864 1386 1664 2212 2351 2471 2594 2715 2839
       2962 3081 3207 3755 3871 3997 4120 4479 4602 4656 4864 4968
       5093 5347 5469 5594 5718 5839 $
70   100 367 500 501 622 745 866 1388 1666 2353 2473 2596 2717 2841
       2964 3083 3209 3753 3873 3999 4122 4477 4600 4734 4866 4970
       5095 5349 5471 5596 5720 5841 $
71   113 384 514 637 730 880 1403 1681 2367 2487 2611 2732 2856 2977
       3098 3222 3682 3886 4012 4137 4462 4585 4740 4741 4756 4985
       5110 5364 5486 5611 5734 5856 $
72   8 271 399 530 712 778 1297 1578 2266 2386 2505 2629 2750 2874
       2994 3116 3664 3781 3903 4030 4445 4567 4640 4774 4880 5003
       5261 5381 5504 5629 5752 $
73   11 274 402 532 709 781 1299 1580 2269 2389 2508 2632 2753 2877
       2996 3119 3662 3784 3906 4033 4443 4564 4638 4776 4883 5006
       5263 5383 5507 5632 5755 $
74   15 278 407 537 705 785 1303 1585 2273 2393 2512 2636 2757 2881
       3000 3123 3658 3788 3910 4037 4439 4560 4634 4780 4887 5010
       5267 5387 5511 5636 5759 $
75   34 297 428 554 687 803 1321 1602 2291 2411 2533 2654 2778 2898
       3018 3143 3719 3808 3931 4058 4421 4543 4707 4802 4906 5032
       5285 5406 5530 5654 5777 $
76   37 300 431 557 684 806 1324 1605 2294 2414 2536 2657 2781 2901
       3021 3146 3716 3811 3934 4061 4418 4540 4682 4805 4909 5035
       5288 5409 5533 5657 5780 $
77   40 303 434 560 681 809 1327 1608 2297 2417 2539 2660 2784 2904
       3024 3149 3713 3814 3936 4064 4415 4537 4679 4808 4912 5038
       5291 5412 5537 5660 5783 $
78   41 305 435 561 680 810 1328 1609 2298 2418 2540 2661 2785 2905
       3025 3150 3712 3815 3937 4065 4414 4536 4678 4809 4913 5039
       5292 5413 5538 5661 5784 $
79   45 308 440 565 676 814 1332 1613 2302 2422 2544 2665 2789 2909
       3029 3154 3708 3819 3941 4069 4410 4532 4674 4813 4917 5043
       5296 5417 5542 5665 5788 $
80   50 314 445 571 671 819 1338 1618 2307 2427 2549 2670 2794 2914
       3035 3159 3702 3824 3947 4074 4404 4526 4713 4818 4922 5048
       5301 5423 5548 5671 5793 $
81   51 315 446 572 670 820 1339 1619 2308 2428 2550 2671 2795 2915
       3036 3160 3701 3825 3948 4075 4403 4525 4714 4819 4923 5049
       5302 5424 5549 5672 5794 $
82   52 316 447 573 669 821 1340 1620 2309 2429 2551 2672 2796 2916
       3037 3161 3700 3826 3949 4076 4402 4524 4715 4820 4924 5050
       5303 5425 5550 5673 5795 $
83   62 326 457 583 660 831 1350 1628 2318 2438 2559 2680 2804 2925
       3046 3170 3748 3836 3958 4085 4392 4514 4649 4828 4933 5059
       5312 5434 5559 5683 5804 $
84   65 330 460 586 657 834 1353 1631 2321 2441 2562 2683 2807 2928
       3049 3173 3745 3839 3961 4088 4389 4512 4652 4831 4936 5062
       5315 5437 5562 5686 5807 $
85   68 333 463 589 654 836 1355 1634 2323 2443 2565 2686 2810 2931
       3052 3176 3742 3842 3965 4091 4386 4509 4722 4834 4939 5065
       5318 5440 5565 5688 5809 $
86   69 334 466 590 653 837 1356 1635 2324 2444 2566 2687 2811 2932
       3053 3177 3741 3843 3966 4092 4385 4508 4723 4835 4940 5066
       5319 5441 5566 5689 5810 $
87   74 339 471 594 649 840 1361 1639 2327 2447 2570 2691 2815 2937
       3057 3182 3737 3848 3971 4096 4381 4504 4703 4839 4944 5070
       5323 5445 5570 5694 5814 $
88   75 340 472 595 648 841 1362 1640 2328 2448 2571 2692 2816 2938
       3058 3183 3736 3849 3972 4097 4380 4503 4702 4840 4945 5071
       5324 5446 5571 5695 5815 $
89   85 349 482 605 762 850 1372 1649 2337 2457 2580 2701 2825 2948
       3067 3193 3769 3859 3982 4106 4493 4616 4671 4849 4954 5079
       5333 5455 5580 5705 5824 $
90   86 350 483 606 761 851 1373 1650 2338 2458 2581 2702 2826 2949
       3068 3194 3768 3860 3983 4107 4492 4615 4670 4850 4955 5080
       5334 5456 5581 5706 5825 $
91   97 364 495 619 748 863 1385 1663 2350 2470 2593 2714 2838 2961
       3080 3206 3756 3870 3996 4119 4480 4603 4657 4863 4967 5092
       5346 5468 5593 5717 5838 $
92   101 368 502 623 744 867 1389 1667 2354 2474 2597 2718 2842 2965
       3084 3210 3752 3874 4000 4123 4476 4599 4733 4867 4971 5096
       5350 5472 5597 5721 5842 $
93   104 372 504 627 740 870 1393 1671 2357 2477 2601 2722 2846 2968
       3088 3213 3691 3877 4003 4127 4472 4595 4721 4871 4975 5100
       5354 5476 5601 5725 5846 $
94   107 375 507 630 737 873 1396 1674 2360 2480 2604 2725 2849 2971
       3091 3216 3688 3880 4006 4130 4469 4592 4687 4749 4978 5103
       5357 5479 5604 5728 5849 $
95   108 376 508 631 736 874 1397 1675 2361 2481 2605 2726 2850 2972
       3092 3217 3687 3881 4007 4131 4468 4591 4686 4750 4979 5104
       5358 5480 5605 5729 5850 $
96   118 642 725 885 1686 2372 2492 2616 2737 2861 2981 3103 3227 3276
       3557 3677 3890 4017 4142 4268 4457 4580 4692 4761 4990 5115
       5209 5491 5616 5739 5861 $
97   2 265 393 524 772 1291 1572 2259 2379 2499 2623 2744 2868 2988
       3110 3670 3775 3897 4024 4450 4573 4699 4768 4874 4997 5255
       5375 5498 5623 5746 $
98   3 266 394 525 717 773 1292 1573 2260 2380 2500 2624 2745 2869
       2989 3111 3669 3776 3898 4025 4449 4572 4769 4875 4998 5256
       5376 5499 5624 5747 $
99   39 302 433 559 682 808 1326 1607 2296 2416 2538 2659 2783 2903
       3023 3148 3714 3813 4063 4416 4538 4680 4807 4911 5037 5290
       5411 5536 5659 5782 $
100  43 438 563 678 812 1330 1611 2300 2420 2542 2663 2787 2907 3027
       3152 3710 3817 3939 4067 4412 4534 4676 4811 4915 5041 5294
       5415 5540 5663 5786 $
101  70 336 467 591 652 1358 1636 2325 2445 2567 2688 2812 2933 3054
       3178 3740 3844 3967 4093 4384 4507 4724 4836 4941 5067 5320
       5442 5567 5690 5811 $
102  80 344 477 600 767 845 1367 1644 2332 2452 2575 2696 2820 2943
       3062 3188 3732 3854 3977 4101 4498 4621 4745 4844 4949 5328
       5450 5575 5700 5819 $
103  102 369 624 743 868 1390 1668 2355 2475 2598 2719 2843 2966 3085
       3211 3751 3875 4001 4124 4475 4598 4732 4868 4972 5097 5351
       5473 5598 5722 5843 $
104  105 373 505 628 739 871 1394 1672 2358 2478 2602 2723 2847 2969
       3089 3214 3690 3878 4004 4128 4471 4594 4689 4976 5101 5355
       5477 5602 5726 5847 $
105  115 386 516 639 728 882 1405 1683 2369 2489 2613 2734 2858 2979
       3100 3224 3680 3888 4014 4139 4460 4583 4758 4987 5112 5366
       5488 5613 5736 5858 $
106  28 291 422 548 693 797 1315 1596 2285 2405 2527 2648 2772 2892
       3012 3137 3725 3802 3925 4052 4549 4729 4796 4900 5026 5279
       5400 5524 5648 $
107  103 370 625 742 869 1391 1669 2356 2476 2599 2720 2844 2967 3086
       3212 3750 3876 4002 4125 4474 4597 4869 4973 5098 5352 5474
       5599 5723 5844 $
108  119 643 724 886 1408 1687 2373 2493 2617 2738 2862 2982 3104 3228
       3676 3891 4018 4143 4456 4579 4693 4762 4991 5116 5369 5492
       5617 5740 5862 $
109  71 337 469 592 651 1359 1637 2568 2689 2813 2934 3055 3179 3739
       3845 3968 4094 4383 4506 4725 4837 4942 5068 5321 5443 5568
       5691 5812 $
110  117 518 641 726 884 1407 1685 2371 2491 2615 2736 2860 3102 3226
       3678 4016 4141 4458 4581 4691 4760 4989 5114 5368 5490 5615
       5738 5860 $
111  359 491 615 752 859 1381 1659 2346 2466 2589 2710 2834 2957 3076
       3202 3760 3992 4115 4484 4607 4661 4859 4963 5088 5342 5464
       5589 5834 $
112  345 478 601 766 846 1368 1645 2333 2453 2576 2697 2821 3063 3189
       3978 4102 4152 4497 4620 4845 4950 5075 5329 5451 5576 5701
       5820 $
113  412 700 790 1309 2517 2641 2762 3129 3325 3606 3652 3793 3915
       4043 4318 4434 4555 4628 4785 4892 5015 5161 5392 5516 5642
       5764 $
114  10 273 401 710 780 2268 2388 2507 2631 2752 2876 3118 3315 3596
       3783 3905 4032 4308 4565 4882 5005 5171 5506 5631 5754 $
115  53 317 574 668 822 1341 1621 2310 2430 3038 3162 3266 3547 3699
       3827 3950 4258 4401 4523 5219 5304 5426 5551 5674 5796 $
116  66 331 461 587 656 1632 2563 2684 2808 2929 3050 3744 3840 3962
       4089 4388 4511 4653 4832 4937 5063 5316 5438 5563 $
117  93 358 490 753 858 1380 2345 2465 2588 2709 2833 2956 3201 3285
       3566 3866 4114 4277 4485 4608 5087 5200 5463 5713 $
118  371 503 626 741 1392 1670 2600 2721 2845 3087 4126 4473 4596 4720
       4870 4974 5099 5353 5475 5600 5724 5845 $
119  381 635 732 878 1401 1679 2365 2485 2609 2730 2854 3096 4135 4464
       4587 4754 4983 5108 5362 5484 5609 5854 $
120  158 975 1085 1205 1695 1732 1737 1740 1741 1778 2117 2177 3378
       3387 3460 3473 3478 3486 3491 4166 $
121  929 946 996 1006 1032 1059 1061 1101 1163 1169 1197 1225 1251
       1273 1275 1496 1551 2181 2195 $
122  1005 1250 2104 2105 2110 2119 2135 2136 2151 2172 2180 2182 2183
       2184 2185 2209 2226 $
123  25 287 418 795 2403 2524 2769 3134 3730 3799 3922 4792 5022 5769 $
124  694 2526 2647 2771 4051 4427 4728 4795 4899 5025 5399 5523 5771 $
125  896 1019 1036 1063 1096 1214 1265 1285 1431 1460 1502 1526 1998 $
126  286 696 2282 2402 2645 2889 4048 4429 4624 4896 5397 5521 $
127  893 1075 1124 1125 1150 1151 1160 1161 1266 1267 1268 1283 $
128  3234 3235 3302 3514 3515 3583 4295 4366 4367 5184 5249 5250 $
129  73 2936 3181 3306 3448 3587 3847 3970 4299 5180 5693 $
130  311 568 1335 3032 3705 3944 4407 4529 5420 5545 5668 $
131  613 1657 3075 3761 3990 4663 4857 4962 5341 5588 5832 $
132  1825 1826 1827 1828 1830 1831 1832 1834 2052 2053 2054 $
133  1129 1189 1412 1441 1495 1530 1538 1546 1562 1569 $
134  1808 1809 1810 1864 1865 1868 1869 1870 1872 2055 $
135  76 596 1363 2939 3184 3850 3973 4502 5696 $
136  168 3240 3301 3520 3582 4293 4372 5185 5244 $
137  220 1024 1286 1497 1782 1857 2083 3481 4147 $
138  224 953 1081 1418 1706 1997 2108 3372 4225 $
139  288 419 2890 3728 4049 4726 4793 4897 5023 $
140  411 1308 2398 3005 3128 3653 4042 5272 5641 $
141  416 2521 2766 4047 4430 4789 5019 5396 5520 $
142  2113 2149 2150 2190 2191 2192 2217 2218 2219 $
143  3238 3245 3518 3525 4370 4377 4378 5239 5246 $
144  3297 3352 3388 3578 3633 4289 4346 5134 5189 $
145  24 417 2523 2768 3798 3921 4791 5021 $
146  124 1775 3366 3376 3647 4198 4361 5120 $
147  164 951 1128 1505 1705 1949 3390 4213 $
148  178 1021 1172 1459 1790 2051 3471 4185 $
149  1045 1190 1519 3300 3371 3581 4292 5186 $
150  125 200 201 202 203 204 248 $
151  140 913 1438 1708 2141 3369 4190 $
152  147 148 149 151 152 154 155 $
153  247 1139 1745 2147 2237 3444 4221 $
154  254 915 1127 1480 1933 2242 4200 $
155  942 1248 1476 1713 1863 2132 3503 $
156  1777 3331 3377 3462 3612 4324 5155 $
157  1882 1883 1884 1885 1886 1887 1888 $
158  2128 2130 2199 2200 2238 2239 2240 $
159  127 1060 1428 1756 3394 4172 $
160  133 1781 2170 2189 3396 4179 $
161  166 995 1217 1529 2223 4209 $
162  261 923 1420 1738 3458 4175 $
163  290 547 1314 1595 3011 5278 $
164  614 1658 3991 4662 4858 5833 $
165  794 2522 2767 4790 5020 5768 $
166  908 988 989 1018 1218 1276 $
167  925 1235 1517 1702 2155 3501 $
168  1698 1747 1749 3404 3413 3433 $
169  1889 1890 2025 2068 2069 2070 $
170  58 827 2921 3832 4518 $
171  188 1796 2087 3410 4208 $
172  198 228 229 230 231 $
173  448 4077 4716 4925 5051 $
174  545 1593 3009 3729 5276 $
175  903 916 981 993 1042 $
176  920 1050 1136 1417 1516 $
177  935 1134 1561 1984 2236 $
178  971 1116 1514 1995 2243 $
179  977 1078 1247 1523 2011 $
180  985 1138 1229 1477 1564 $
181  994 1162 1528 1940 2085 $
182  1023 1123 1513 1916 2222 $
183  1028 1091 1548 1795 3411 $
184  1034 1144 1215 1515 2126 $
185  1058 1187 1539 2012 2148 $
186  1066 1112 1532 1912 2186 $
187  1080 3345 3626 4339 5141 $
188  1824 3350 3631 4344 5136 $
189  2179 3344 3625 4338 5142 $
190  3279 3496 3560 4271 5206 $
191  3305 3586 4153 4298 5181 $
192  23 3133 3797 3919 $
193  145 1715 3476 4197 $
194  179 1772 2143 3506 $
195  183 1711 3374 4234 $
196  216 1799 3392 4242 $
197  237 1712 3502 4161 $
198  249 1722 3465 4219 $
199  323 454 1347 4395 $
200  909 910 1115 1510 $
201  911 1152 1563 2124 $
202  918 1076 1419 1920 $
203  921 1484 2133 2142 $
204  924 1102 1421 1963 $
205  928 1207 1486 1913 $
206  930 1069 1107 1566 $
207  939 1137 1488 1860 $
208  945 1227 1481 2253 $
209  992 1114 1511 2106 $
210  999 1206 1544 2103 $
211  1009 1260 1545 2096 $
212  1010 1216 1524 1906 $
213  1012 1259 1557 2125 $
214  1014 1072 1559 2206 $
215  1017 1087 1527 2210 $
216  1020 1086 1474 1996 $
217  1035 1110 1550 2024 $
218  1038 1167 1552 2160 $
219  1054 1279 1425 2118 $
220  1200 1203 1209 2097 $
221  1792 3419 3430 3469 $
222  1954 1956 1958 1961 $
223  2028 2030 2032 2049 $
224  3237 3517 4369 5247 $
225  3252 3533 4244 5232 $
226  3255 3536 4247 5230 $
227  3256 3537 4248 5229 $
228  3258 3539 4250 5227 $
229  3259 3540 4251 5226 $
230  3260 3541 4252 5225 $
231  3263 3544 4255 5222 $
232  3264 3545 4256 5221 $
233  3265 3546 4257 5220 $
234  3273 3554 4265 5212 $
235  3274 3555 4266 5211 $
236  3275 3556 4267 5210 $
237  3296 3577 4288 5190 $
238  3298 3579 4290 5188 $
239  3299 3580 4291 5187 $
240  3303 3584 4296 5183 $
241  3307 3588 4300 5179 $
242  3308 3589 4301 5178 $
243  3309 3590 4302 5177 $
244  3310 3591 4303 5176 $
245  3313 3594 4306 5173 $
246  3316 3597 4309 5170 $
247  3319 3600 4312 5167 $
248  3324 3605 4317 5162 $
249  3328 3609 4321 5158 $
250  3330 3611 4323 5156 $
251  3333 3614 4326 5153 $
252  3338 3619 4331 5148 $
253  3340 3621 4333 5146 $
254  3341 3622 4334 5145 $
255  3342 3623 4335 5144 $
256  3351 3632 4345 5135 $
257  3353 3634 4347 5133 $
258  3355 3636 4349 5131 $
259  3357 3638 4351 5129 $
260  3359 3640 4354 5127 $
261  3360 3641 4355 5126 $
262  3365 3646 4360 5121 $
263  84 2947 3858 $
264  132 1751 4180 $
265  177 1757 3370 $
266  897 1278 1541 $
267  901 1443 1445 $
268  902 1262 1446 $
269  912 1271 1509 $
270  948 970 1008 $
271  949 1461 2007 $
272  963 1211 1456 $
273  974 1536 2056 $
274  976 1234 1501 $
275  990 1282 1852 $
276  991 1191 1547 $
277  1002 1079 1473 $
278  1033 1512 2162 $
279  1044 1088 1565 $
280  1048 1494 2006 $
281  1049 1254 1493 $
282  1053 1424 2001 $
283  1132 1182 1244 $
284  1785 3438 3499 $
285  1955 1957 1960 $
286  2027 2029 2031 $
287  2063 2064 2065 $
288  2071 2072 2073 $
289  3136 3924 5647 $
290  3246 3526 5238 $
291  3247 3527 5237 $
292  3248 3528 5236 $
293  3249 3529 5235 $
294  3250 3530 5234 $
295  3251 3531 5233 $
296  3253 3534 4245 $
297  3295 3576 4287 $
298  27 3801 $
299  130 4181 $
300  135 4151 $
301  136 4150 $
302  137 4149 $
303  142 4193 $
304  161 4164 $
305  165 4210 $
306  174 4158 $
307  185 4236 $
308  190 210 $
309  194 4227 $
310  197 4230 $
311  211 2157 $
312  212 4159 $
313  219 3487 $
314  226 4226 $
315  227 4205 $
316  234 4163 $
317  238 4223 $
318  239 4222 $
319  240 4218 $
320  244 4215 $
321  245 246 $
322  252 4202 $
323  258 4204 $
324  335 1357 $
325  421 2891 $
326  533 1581 $
327  894 1437 $
328  895 1439 $
329  904 1448 $
330  905 1449 $
331  907 1440 $
332  922 1560 $
333  926 1518 $
334  931 1521 $
335  934 1452 $
336  937 1479 $
337  938 1415 $
338  940 1489 $
339  941 1422 $
340  950 1520 $
341  952 1468 $
342  955 1470 $
343  959 1429 $
344  960 1065 $
345  967 1453 $
346  978 1507 $
347  979 1462 $
348  984 1413 $
349  987 1490 $
350  1000 1543 $
351  1001 1237 $
352  1004 1555 $
353  1025 1498 $
354  1026 1094 $
355  1030 1472 $
356  1031 1482 $
357  1040 1414 $
358  1046 1540 $
359  1051 1499 $
360  1056 1451 $
361  1103 1105 $
362  1104 1106 $
363  1118 1224 $
364  1120 1426 $
365  1130 1533 $
366  1131 2188 $
367  1133 1245 $
368  1145 1568 $
369  1157 2153 $
370  1180 1806 $
371  1241 1427 $
372  1261 2146 $
373  1696 3449 $
374  1700 3367 $
375  1704 3381 $
376  1707 3368 $
377  1709 3461 $
378  1710 3445 $
379  1716 3406 $
380  1718 3391 $
381  1721 3441 $
382  1724 3468 $
383  1726 3428 $
384  1727 3429 $
385  1728 3440 $
386  1729 3385 $
387  1731 3451 $
388  1734 3454 $
389  1735 3498 $
390  1736 3497 $
391  1739 3457 $
392  1742 3480 $
393  1743 3442 $
394  1750 3398 $
395  1752 3452 $
396  1755 3397 $
397  1760 3495 $
398  1764 3399 $
399  1765 3456 $
400  1767 3409 $
401  1768 3408 $
402  1770 3383 $
403  1774 3505 $
404  1776 3423 $
405  1779 3485 $
406  1784 3439 $
407  1786 3500 $
408  1787 3400 $
409  1789 3382 $
410  1791 3507 $
411  1793 3426 $
412  1794 3425 $
413  1797 3510 $
414  1842 1856 $
415  1899 1900 $
416  1925 1927 $
417  1970 1971 $
418  2013 2014 $
419  2015 2016 $
420  2038 2045 $
421  2077 2079 $
422  2112 2175 $
423  2158 2159 $
424  2215 2225 $
425  2224 2250 $
426  3175 3964 $
427  3405 3447 $
428  3416 3427 $
429  3424 3453 $
430  3726 4550 $
431  4170 4171 $
432  123 $
433  128 $
434  129 $
435  131 $
436  134 $
437  139 $
438  141 $
439  143 $
440  146 $
441  150 $
442  153 $
443  156 $
444  159 $
445  160 $
446  162 $
447  163 $
448  167 $
449  171 $
450  172 $
451  180 $
452  189 $
453  193 $
454  205 $
455  206 $
456  209 $
457  214 $
458  215 $
459  217 $
460  218 $
461  221 $
462  223 $
463  225 $
464  233 $
465  235 $
466  241 $
467  242 $
468  243 $
469  250 $
470  253 $
471  255 $
472  256 $
473  257 $
474  259 $
475  260 $
476  262 $
477  304 $
478  307 $
479  355 $
480  420 $
481  468 $
482  498 $
483  499 $
484  779 $
485  838 $
486  891 $
487  898 $
488  899 $
489  900 $
490  917 $
491  927 $
492  943 $
493  944 $
494  954 $
495  957 $
496  961 $
497  964 $
498  965 $
499  966 $
500  972 $
501  973 $
502  982 $
503  997 $
504  998 $
505  1003 $
506  1013 $
507  1015 $
508  1022 $
509  1029 $
510  1037 $
511  1039 $
512  1041 $
513  1043 $
514  1055 $
515  1057 $
516  1062 $
517  1067 $
518  1070 $
519  1071 $
520  1073 $
521  1074 $
522  1077 $
523  1082 $
524  1083 $
525  1089 $
526  1090 $
527  1093 $
528  1095 $
529  1097 $
530  1099 $
531  1109 $
532  1111 $
533  1113 $
534  1117 $
535  1119 $
536  1121 $
537  1122 $
538  1135 $
539  1141 $
540  1142 $
541  1143 $
542  1147 $
543  1148 $
544  1149 $
545  1153 $
546  1154 $
547  1155 $
548  1156 $
549  1158 $
550  1159 $
551  1164 $
552  1165 $
553  1166 $
554  1168 $
555  1170 $
556  1171 $
557  1173 $
558  1174 $
559  1176 $
560  1177 $
561  1179 $
562  1181 $
563  1183 $
564  1184 $
565  1185 $
566  1186 $
567  1192 $
568  1193 $
569  1195 $
570  1198 $
571  1199 $
572  1201 $
573  1202 $
574  1204 $
575  1208 $
576  1212 $
577  1213 $
578  1221 $
579  1222 $
580  1228 $
581  1230 $
582  1232 $
583  1233 $
584  1236 $
585  1238 $
586  1240 $
587  1246 $
588  1249 $
589  1252 $
590  1253 $
591  1255 $
592  1256 $
593  1257 $
594  1258 $
595  1263 $
596  1269 $
597  1272 $
598  1274 $
599  1277 $
600  1281 $
601  1287 $
602  1430 $
603  1432 $
604  1433 $
605  1435 $
606  1444 $
607  1447 $
608  1450 $
609  1463 $
610  1466 $
611  1467 $
612  1469 $
613  1475 $
614  1487 $
615  1492 $
616  1500 $
617  1508 $
618  1522 $
619  1531 $
620  1542 $
621  1549 $
622  1553 $
623  1554 $
624  1556 $
625  1558 $
626  1567 $
627  1701 $
628  1717 $
629  1719 $
630  1723 $
631  1730 $
632  1753 $
633  1754 $
634  1771 $
635  1773 $
636  1801 $
637  1803 $
638  1804 $
639  1805 $
640  1807 $
641  1811 $
642  1812 $
643  1813 $
644  1814 $
645  1815 $
646  1816 $
647  1817 $
648  1818 $
649  1819 $
650  1820 $
651  1821 $
652  1822 $
653  1823 $
654  1829 $
655  1833 $
656  1835 $
657  1836 $
658  1837 $
659  1838 $
660  1839 $
661  1841 $
662  1843 $
663  1844 $
664  1845 $
665  1846 $
666  1847 $
667  1849 $
668  1851 $
669  1854 $
670  1855 $
671  1858 $
672  1859 $
673  1861 $
674  1862 $
675  1866 $
676  1867 $
677  1871 $
678  1873 $
679  1874 $
680  1875 $
681  1876 $
682  1877 $
683  1878 $
684  1879 $
685  1880 $
686  1881 $
687  1891 $
688  1892 $
689  1893 $
690  1894 $
691  1897 $
692  1898 $
693  1901 $
694  1902 $
695  1903 $
696  1904 $
697  1905 $
698  1907 $
699  1908 $
700  1909 $
701  1910 $
702  1911 $
703  1915 $
704  1918 $
705  1919 $
706  1921 $
707  1922 $
708  1923 $
709  1924 $
710  1926 $
711  1928 $
712  1929 $
713  1931 $
714  1932 $
715  1934 $
716  1936 $
717  1937 $
718  1938 $
719  1939 $
720  1941 $
721  1944 $
722  1945 $
723  1946 $
724  1947 $
725  1948 $
726  1950 $
727  1951 $
728  1952 $
729  1953 $
730  1959 $
731  1962 $
732  1964 $
733  1965 $
734  1966 $
735  1967 $
736  1968 $
737  1969 $
738  1972 $
739  1973 $
740  1974 $
741  1975 $
742  1976 $
743  1977 $
744  1978 $
745  1979 $
746  1980 $
747  1981 $
748  1982 $
749  1983 $
750  1985 $
751  1986 $
752  1989 $
753  1990 $
754  1991 $
755  1993 $
756  1999 $
757  2004 $
758  2005 $
759  2008 $
760  2009 $
761  2010 $
762  2017 $
763  2018 $
764  2019 $
765  2020 $
766  2021 $
767  2022 $
768  2023 $
769  2026 $
770  2033 $
771  2035 $
772  2036 $
773  2037 $
774  2039 $
775  2041 $
776  2042 $
777  2043 $
778  2044 $
779  2046 $
780  2047 $
781  2050 $
782  2057 $
783  2058 $
784  2059 $
785  2060 $
786  2061 $
787  2062 $
788  2066 $
789  2067 $
790  2074 $
791  2075 $
792  2076 $
793  2078 $
794  2080 $
795  2081 $
796  2082 $
797  2084 $
798  2086 $
799  2088 $
800  2089 $
801  2093 $
802  2095 $
803  2098 $
804  2099 $
805  2100 $
806  2101 $
807  2102 $
808  2107 $
809  2109 $
810  2115 $
811  2121 $
812  2122 $
813  2123 $
814  2129 $
815  2131 $
816  2134 $
817  2139 $
818  2140 $
819  2144 $
820  2145 $
821  2154 $
822  2161 $
823  2163 $
824  2164 $
825  2165 $
826  2166 $
827  2167 $
828  2168 $
829  2169 $
830  2174 $
831  2176 $
832  2178 $
833  2194 $
834  2196 $
835  2201 $
836  2202 $
837  2204 $
838  2205 $
839  2207 $
840  2208 $
841  2211 $
842  2213 $
843  2214 $
844  2216 $
845  2220 $
846  2221 $
847  2227 $
848  2228 $
849  2229 $
850  2231 $
851  2232 $
852  2234 $
853  2241 $
854  2245 $
855  2246 $
856  2247 $
857  2248 $
858  2249 $
859  2251 $
860  2254 $
861  2256 $
862  2278 $
863  2284 $
864  3375 $
865  3380 $
866  3384 $
867  3386 $
868  3395 $
869  3402 $
870  3407 $
871  3414 $
872  3418 $
873  3421 $
874  3431 $
875  3432 $
876  3435 $
877  3446 $
878  3450 $
879  3459 $
880  3464 $
881  3466 $
882  3474 $
883  3477 $
884  3482 $
885  3483 $
886  3484 $
887  3489 $
888  3493 $
889  3504 $
890  3509 $
891  3532 $
892  3648 $
893  3920 $
894  4154 $
895  4155 $
896  4165 $
897  4173 $
898  4176 $
899  4177 $
900  4178 $
901  4182 $
902  4183 $
903  4186 $
904  4187 $
905  4189 $
906  4191 $
907  4192 $
908  4194 $
909  4196 $
910  4201 $
911  4211 $
912  4212 $
913  4214 $
914  4216 $
915  4217 $
916  4220 $
917  4224 $
918  4239 $
919  4243 $
920  4294 $
921  4352 $
922  4632 $
923  4655 $
924  5679 $
)
