# cline: mcl ./orthofinder/Results_Jul07/WorkingDirectory/OrthoFinder_graph.txt "-I" "1.5" "-o" "./orthofinder/Results_Jul07/WorkingDirectory/clusters_OrthoFinder_I1.5.txt" "-te" "8" "-V" "all"
(mclheader
mcltype matrix
dimensions 6070x959
)
(mclmatrix
begin
0    78 151 234 417 497 628 754 895 1003 1137 1400 1435 1521 1741 1802
       1901 2118 2341 2342 2491 2611 2733 2854 2978 3098 3218 3343
       3536 3694 3817 3927 4008 4131 4258 4360 4529 4629 4751 4935
       4940 5002 5106 5232 5358 5485 5606 5730 5854 5977 $
1    46 199 211 403 474 602 733 917 981 1162 1330 1500 1695 1781 1929
       2099 2448 2469 2589 2708 2832 2953 3077 3197 3319 3516 3626
       3671 3797 3869 3984 4106 4233 4403 4509 4650 4772 4845 4977
       5083 5206 5378 5464 5584 5707 5832 5955 $
2    124 210 390 473 601 732 918 980 1166 1414 1499 1659 1780 1973
       2146 2437 2467 2468 2587 2588 2707 2831 2952 3076 3196 3318
       3515 3593 3796 3870 3983 4105 4232 4441 4508 4651 4773 4846
       4976 5082 5205 5379 5463 5583 5706 5831 5954 $
3    34 218 455 481 609 610 740 910 988 1220 1430 1506 1620 1788 1970
       2191 2296 2476 2596 2715 2839 2960 3084 3203 3326 3522 3683
       3803 3863 3991 4113 4240 4407 4515 4644 4765 4839 4983 5090
       5213 5372 5470 5590 5714 5839 5962 $
4    79 315 395 396 583 584 715 838 937 1081 1172 1296 1604 1658 1882
       1895 2377 2568 2688 2812 2933 3057 3179 3299 3424 3495 3674
       3776 3888 4088 4214 4338 4378 4487 4669 4792 4887 4957 5186
       5311 5398 5565 5687 5812 5936 6057 $
5    128 299 426 565 566 697 821 954 1065 1178 1492 1587 1740 1865
       1950 2260 2439 2552 2672 2795 2916 3040 3163 3282 3408 3491
       3641 3772 3962 4072 4198 4321 4364 4483 4686 4809 4863 5065
       5169 5294 5402 5548 5670 5795 5919 6040 $
6    131 281 377 545 677 678 801 851 1046 1118 1392 1568 1687 1845
       1987 2044 2295 2533 2653 2776 2897 3021 3144 3263 3389 3550
       3712 3831 3939 4055 4178 4302 4392 4544 4583 4705 4905 5045
       5150 5276 5344 5529 5651 5776 5901 6020 $
7    148 295 342 560 692 815 959 1060 1184 1443 1582 1668 1859 1984
       2054 2238 2459 2547 2667 2790 2911 3035 3158 3277 3403 3487
       3597 3768 3967 4069 4192 4316 4352 4479 4691 4814 4869 5059
       5164 5289 5406 5543 5665 5790 5915 6034 $
8    164 233 411 496 627 753 896 1002 1136 1446 1447 1520 1682 1801
       2002 2252 2315 2490 2610 2732 2853 2977 3097 3217 3342 3533
       3676 3814 3928 4007 4130 4257 4445 4526 4630 4752 4934 5001
       5105 5231 5361 5484 5605 5729 5853 5976 $
9    175 316 467 586 587 716 840 935 1083 1215 1424 1606 1729 1884
       1918 2134 2360 2570 2690 2814 2935 3059 3180 3301 3425 3494
       3679 3775 3887 4089 4215 4340 4442 4486 4667 4790 4943 4959
       5188 5313 5399 5567 5689 5814 5937 6059 $
10   282 546 679 802 973 1047 1569 1846 2534 2654 2777 2898 3022 3145
       3264 3390 3437 3445 3565 3717 3725 3846 3938 4056 4179 4303
       4560 4566 4568 4569 4577 4704 4827 4904 4947 5046 5151 5277
       5329 5447 5455 5530 5652 5777 5902 6021 $
11   5 267 379 531 662 788 863 1036 1211 1488 1555 1707 1833 1963 2207
       2434 2523 2643 2764 2885 3009 3130 3251 3375 3562 3619 3843
       3951 4041 4163 4290 4361 4557 4595 4717 4854 5033 5138 5264
       5332 5517 5639 5764 5888 6009 $
12   10 224 436 487 617 746 903 995 1094 1272 1514 1669 1794 1965 2204
       2397 2483 2603 2722 2846 2967 3090 3210 3334 3530 3698 3811
       3855 3998 4120 4248 4410 4523 4637 4758 4831 4990 5097 5220
       5364 5477 5597 5721 5847 5969 $
13   22 260 374 524 655 781 869 1029 1160 1288 1548 1675 1828 1898
       2147 2318 2517 2637 2758 2879 3003 3123 3245 3369 3473 3577
       3754 3900 4034 4157 4284 4372 4465 4602 4724 4923 5027 5132
       5258 5420 5511 5633 5758 5881 6003 $
14   25 324 440 592 723 848 927 1091 1231 1379 1613 1689 1892 1924
       2206 2407 2578 2698 2822 2943 3067 3187 3309 3433 3493 3640
       3774 3879 4096 4223 4348 4366 4485 4659 4782 4898 4967 5196
       5321 5400 5574 5697 5822 5945 6067 $
15   45 325 361 593 724 849 926 1092 1151 1423 1614 1710 1893 2004
       2139 2294 2579 2699 2823 2944 3068 3188 3310 3434 3567 3616
       3848 3878 4097 4224 4349 4371 4562 4658 4781 4899 4968 5197
       5322 5327 5575 5698 5823 5946 6068 $
16   61 292 399 556 689 812 963 1057 1187 1350 1579 1661 1856 1967
       2052 2331 2544 2664 2787 2908 3032 3155 3274 3400 3482 3692
       3763 3970 4066 4189 4313 4432 4474 4694 4817 4872 5056 5161
       5286 5411 5540 5662 5787 5912 6031 $
17   62 237 385 500 631 757 892 1006 1251 1344 1524 1738 1805 1966
       2244 2320 2494 2614 2736 2857 2981 3101 3221 3346 3446 3605
       3726 3924 4011 4134 4261 4437 4578 4626 4748 4912 5005 5109
       5235 5446 5488 5609 5733 5857 5980 $
18   80 310 373 578 710 833 942 1076 1096 1382 1599 1640 1877 1962
       2057 2402 2563 2683 2807 2928 3052 3174 3294 3419 3498 3621
       3779 3893 4083 4209 4333 4373 4490 4674 4797 4892 4952 5181
       5306 5395 5560 5682 5807 5931 6052 $
19   136 291 412 555 688 811 964 1056 1256 1468 1578 1627 1855 1903
       2196 2391 2543 2663 2786 2907 3031 3154 3273 3399 3481 3667
       3762 3971 4065 4188 4312 4444 4473 4695 4818 4873 5055 5160
       5285 5412 5539 5661 5786 5911 6030 $
20   155 235 400 498 629 755 894 1004 1173 1302 1522 1662 1803 1992
       2192 2375 2492 2612 2734 2855 2979 3099 3219 3344 3447 3638
       3727 3926 4009 4132 4259 4433 4579 4628 4750 4941 5003 5107
       5233 5445 5486 5607 5731 5855 5978 $
21   157 208 380 471 599 730 920 978 1190 1312 1497 1739 1778 1937
       2100 2401 2465 2585 2705 2829 2950 3074 3194 3316 3558 3659
       3839 3872 3981 4103 4230 4388 4552 4652 4775 4848 4974 5080
       5203 5336 5461 5581 5704 5829 5952 $
22   188 239 391 502 633 759 890 1008 1268 1484 1526 1638 1807 1907
       2198 2356 2496 2616 2738 2859 2983 3103 3223 3348 3443 3583
       3723 3922 4013 4136 4263 4411 4575 4624 4746 4910 5007 5111
       5237 5449 5490 5611 5735 5859 5982 $
23   153 248 388 643 768 881 1017 1110 1304 1535 1646 1816 1948 2121
       2456 2505 2625 2747 2868 2992 3112 3232 3357 3458 3647 3739
       3913 4022 4144 4272 4439 4450 4615 4737 4879 5016 5120 5246
       5435 5499 5620 5745 5868 5991 $
24   167 230 368 493 750 899 1000 1155 1332 1517 1709 1798 1909 2153
       2487 2608 2729 2850 2974 3214 3339 3508 3594 3789 3931 4004
       4127 4254 4417 4501 4632 4755 4931 4998 5102 5228 5386 5481
       5602 5726 5850 5974 $
25   50 268 532 533 663 789 862 1037 1140 1427 1556 1708 1834 2524
       2644 2765 2886 3010 3131 3252 3376 3547 3828 3950 4042 4164
       4291 4540 4541 4594 4855 5034 5139 5265 5347 5518 5640 5765
       5889 6010 $
26   313 386 581 713 836 939 1079 1602 1880 1896 2324 2566 2686 2810
       2931 3055 3177 3297 3422 3497 3696 3778 3890 4086 4212 4336
       4436 4489 4671 4794 4889 4955 5184 5309 5396 5563 5685 5810
       5934 6055 $
27   293 348 557 690 813 962 1058 1580 1857 1952 2545 2665 2788 2909
       3033 3156 3275 3401 3484 3607 3765 3969 4067 4190 4314 4399
       4476 4693 4816 4871 5057 5162 5287 5409 5541 5663 5788 5913
       6032 $
28   251 514 646 771 878 1020 1538 1819 1897 2508 2628 2750 2871 2995
       3115 3235 3360 3461 3624 3742 3910 4025 4147 4275 4435 4453
       4612 4734 4914 5019 5123 5249 5432 5502 5623 5748 5871 5994 $
29   265 529 660 785 786 865 1034 1553 1831 2521 2641 2762 2883 3007
       3128 3249 3373 3476 3757 3896 3953 4039 4161 4288 4468 4597
       4719 4852 5031 5136 5262 5417 5515 5637 5762 5886 6007 $
30   204 330 468 595 726 923 974 1493 1774 2461 2581 2701 2825 2946
       3070 3190 3312 3541 3822 3876 3977 4099 4226 4534 4656 4779
       4901 4970 5076 5199 5353 5457 5577 5700 5825 5948 $
31   209 472 600 731 919 979 1398 1498 1779 2466 2586 2706 2830 2951
       3075 3195 3317 3560 3715 3841 3871 3982 4104 4231 4554 4774
       4847 4975 5081 5204 5334 5462 5582 5705 5830 5953 $
32   285 550 683 806 969 1051 1573 1850 2538 2658 2781 2902 3026 3148
       3268 3394 3552 3833 3935 3976 4059 4183 4307 4546 4700 4823
       4951 5050 5155 5280 5342 5534 5656 5781 5906 6025 $
33   294 558 691 814 960 961 1059 1581 1858 2546 2666 2789 2910 3034
       3157 3276 3402 3485 3766 3968 4068 4191 4315 4477 4692 4815
       4870 5058 5163 5288 5408 5542 5664 5789 5914 6033 $
34   326 594 725 850 924 925 1093 1615 1894 2580 2700 2824 2945 3069
       3189 3311 3435 3543 3824 3877 4098 4225 4350 4536 4657 4780
       4900 4969 5198 5323 5351 5576 5699 5824 5947 6069 $
35   216 479 607 738 912 986 1504 1786 2474 2594 2713 2837 2958 3082
       3201 3324 3521 3802 3865 3989 4111 4238 4514 4646 4767 4841
       4981 5088 5211 5373 5468 5588 5712 5837 5960 $
36   217 480 608 739 911 987 1505 1787 2475 2595 2714 2838 2959 3083
       3202 3325 3566 3847 3864 3990 4112 4239 4561 4645 4766 4840
       4982 5089 5212 5328 5469 5589 5713 5838 5961 $
37   222 485 613 744 906 992 1510 1792 2480 2600 2719 2843 2964 3088
       3207 3330 3526 3807 3859 3995 4117 4244 4519 4640 4761 4834
       4987 5094 5217 5368 5474 5594 5718 5843 5966 $
38   223 486 614 745 905 993 1511 1793 2481 2601 2720 2844 2965 3089
       3208 3331 3527 3808 3858 3996 4118 4245 4520 4639 4760 4833
       4988 5095 5218 5367 5475 5595 5719 5844 5967 $
39   225 488 618 747 902 996 1515 1795 2484 2604 2723 2847 2968 3091
       3211 3335 3531 3812 3854 3999 4121 4249 4524 4636 4757 4830
       4991 5098 5221 5363 5478 5598 5722 5848 5970 $
40   226 489 619 748 901 997 1516 1796 2485 2605 2724 2848 2969 3092
       3212 3336 3524 3805 3853 4000 4122 4250 4517 4635 4756 4829
       4992 5099 5222 5370 5479 5599 5723 5849 5971 $
41   236 499 630 756 893 1005 1523 1804 2493 2613 2735 2856 2980 3100
       3220 3345 3568 3849 3925 4010 4133 4260 4563 4627 4749 4942
       5004 5108 5234 5326 5487 5608 5732 5856 5979 $
42   240 503 634 760 889 1009 1527 1808 2497 2617 2739 2860 2984 3104
       3224 3349 3448 3728 3921 4014 4137 4264 4580 4623 4745 4909
       5008 5112 5238 5444 5491 5612 5736 5860 5983 $
43   252 516 647 773 877 1021 1540 1820 2509 2629 2751 2872 2996 3116
       3237 3361 3465 3746 3908 4026 4149 4276 4457 4610 4732 4915
       5020 5124 5250 5428 5503 5625 5750 5873 5995 $
44   253 517 648 774 876 1022 1541 1821 2510 2630 2752 2873 2997 3117
       3238 3362 3466 3747 3907 4027 4150 4277 4458 4609 4731 4916
       5021 5125 5251 5427 5504 5626 5751 5874 5996 $
45   258 522 653 779 871 1027 1546 1826 2515 2635 2756 2877 3001 3121
       3243 3367 3471 3752 3902 4032 4155 4282 4463 4604 4726 4921
       5025 5130 5256 5422 5509 5631 5756 5879 6001 $
46   259 523 654 780 870 1028 1547 1827 2516 2636 2757 2878 3002 3122
       3244 3368 3472 3753 3901 4033 4156 4283 4464 4603 4725 4922
       5026 5131 5257 5421 5510 5632 5757 5880 6002 $
47   261 525 656 782 868 1030 1549 2298 2518 2638 2759 2880 3004 3124
       3246 3370 3474 3755 3899 4035 4158 4285 4466 4601 4723 4849
       5028 5133 5259 5419 5512 5634 5759 5882 6004 $
48   263 526 657 783 867 1032 1550 1829 2519 2639 2760 2881 3005 3126
       3247 3371 3486 3767 3898 4037 4159 4286 4478 4600 4721 4850
       5029 5134 5260 5407 5513 5635 5760 5884 6005 $
49   264 528 659 784 866 1033 1552 1830 2520 2640 2761 2882 3006 3127
       3248 3372 3475 3756 3897 4038 4160 4287 4467 4598 4720 4851
       5030 5135 5261 5418 5514 5636 5761 5885 6006 $
50   283 547 680 803 972 1048 1570 1847 2535 2655 2778 2899 3023 3146
       3265 3391 3551 3832 3937 4057 4180 4304 4545 4703 4826 4948
       5047 5152 5278 5343 5531 5653 5778 5903 6022 $
51   286 551 684 807 968 1052 1574 1851 2539 2659 2782 2903 3027 3149
       3269 3395 3553 3834 3975 4060 4184 4308 4547 4699 4822 4950
       5051 5156 5281 5341 5535 5657 5782 5907 6026 $
52   287 552 685 808 967 1053 1575 1852 2540 2660 2783 2904 3028 3150
       3270 3396 3440 3720 3974 4061 4185 4309 4572 4698 4821 4876
       5052 5157 5282 5452 5536 5658 5783 5908 6027 $
53   298 564 696 820 955 1064 1586 1864 2551 2671 2794 2915 3039 3162
       3281 3407 3490 3771 3963 4071 4197 4320 4482 4687 4810 4864
       5064 5168 5293 5403 5547 5669 5794 5918 6039 $
54   300 567 698 822 953 1066 1588 1866 2553 2673 2796 2917 3041 3164
       3283 3409 3539 3820 3961 4073 4199 4322 4532 4685 4808 4862
       5066 5170 5295 5355 5549 5671 5796 5920 6041 $
55   303 570 701 825 950 1069 1591 1869 2556 2676 2799 2920 3044 3167
       3286 3412 3538 3819 3958 4076 4202 4325 4531 4682 4805 4939
       5069 5173 5298 5356 5552 5674 5799 5923 6044 $
56   314 582 714 837 938 1080 1603 1881 2567 2687 2811 2932 3056 3178
       3298 3423 3496 3777 3889 4087 4213 4337 4488 4670 4793 4888
       4956 5185 5310 5397 5564 5686 5811 5935 6056 $
57   318 589 719 842 933 1085 1608 1886 2572 2692 2816 2937 3061 3182
       3303 3427 3492 3773 3885 4091 4217 4342 4484 4665 4788 4946
       4961 5190 5315 5401 5569 5691 5816 5939 6061 $
58   320 591 721 844 931 1087 1610 1888 2574 2694 2818 2939 3063 3184
       3305 3429 3436 3716 3883 4093 4219 4344 4567 4663 4786 4894
       4963 5192 5317 5456 5571 5693 5818 5941 6063 $
59   205 596 727 922 975 1494 1775 2462 2582 2702 2826 2947 3071 3191
       3313 3540 3821 3875 3978 4100 4227 4533 4655 4778 4902 4971
       5077 5200 5354 5458 5578 5701 5826 5949 $
60   213 476 604 735 915 1502 1783 2471 2591 2710 2834 2955 3079 3199
       3321 3518 3799 3867 3986 4108 4235 4511 4648 4770 4843 4979
       5085 5208 5376 5466 5586 5709 5834 5957 $
61   221 484 743 907 991 1509 1791 2479 2599 2718 2842 2963 3087 3206
       3329 3525 3806 3860 3994 4116 4243 4518 4641 4762 4835 4986
       5093 5216 5369 5473 5593 5717 5842 5965 $
62   296 561 693 816 958 1061 1583 1860 2548 2668 2791 2912 3036 3159
       3278 3404 3488 3769 3966 4193 4317 4480 4690 4813 4868 5060
       5165 5290 5405 5544 5666 5791 5916 6035 $
63   276 542 668 669 674 797 854 1043 1564 1842 2530 2650 2773 2894
       3018 3139 3260 3384 3942 4050 4173 4299 4586 4709 4908 5042
       5147 5273 5526 5648 5773 5896 6017 $
64   220 483 612 717 742 908 990 1508 1790 2478 2598 2717 2841 2962
       3086 3205 3328 3861 3993 4115 4242 4642 4763 4837 4985 5092
       5215 5472 5592 5716 5841 5964 $
65   242 505 636 762 887 1011 1529 1810 2499 2619 2741 2862 2986 3106
       3226 3351 3919 4016 4139 4266 4621 4743 4885 5010 5114 5240
       5493 5614 5738 5739 5862 5985 $
66   246 510 640 641 766 883 1015 1533 1814 2503 2623 2745 2866 2990
       3110 3230 3355 3915 4020 4142 4270 4617 4739 4881 5014 5118
       5244 5497 5618 5743 5866 5989 $
67   250 513 645 770 879 1019 1537 1818 2507 2627 2749 2870 2994 3114
       3234 3359 3911 4024 4146 4274 4613 4735 4877 4913 5018 5122
       5248 5501 5622 5747 5870 5993 $
68   271 536 666 792 859 1039 1558 1837 2006 2526 2646 2768 2889 3013
       3134 3255 3378 3947 4045 4167 4294 4591 4714 4858 5037 5142
       5268 5521 5643 5768 5891 6012 $
69   302 569 700 824 951 1068 1590 1868 2416 2555 2675 2798 2919 3043
       3166 3285 3411 3959 4075 4201 4324 4683 4806 4860 5068 5172
       5297 5551 5673 5798 5922 6043 $
70   304 571 704 705 826 949 1070 1592 1870 2557 2677 2800 2921 3045
       3168 3287 3413 3957 4077 4203 4326 4681 4804 4938 5070 5174
       5299 5553 5675 5800 5924 6045 $
71   317 588 718 841 934 1084 1607 1885 2571 2691 2815 2936 3060 3181
       3302 3426 3886 4090 4216 4341 4666 4789 4944 4945 4960 5189
       5314 5568 5690 5815 5938 6060 $
72   212 475 603 734 916 982 1501 1782 2470 2590 2709 2833 2954 3078
       3198 3320 3868 3985 4107 4234 4649 4771 4844 4978 5084 5207
       5465 5585 5708 5833 5956 $
73   215 478 606 736 913 985 1503 1784 2473 2593 2712 2836 2957 3081
       3200 3323 3866 3988 4110 4237 4647 4768 4842 4980 5087 5210
       5467 5587 5711 5836 5959 $
74   219 482 611 741 909 989 1507 1789 2477 2597 2716 2840 2961 3085
       3204 3327 3862 3992 4114 4241 4643 4764 4838 4984 5091 5214
       5471 5591 5715 5840 5963 $
75   238 501 632 758 891 1007 1525 1806 2495 2615 2737 2858 2982 3102
       3222 3347 3923 4012 4135 4262 4625 4747 4911 5006 5110 5236
       5489 5610 5734 5858 5981 $
76   241 504 635 761 888 1010 1528 1809 2498 2618 2740 2861 2985 3105
       3225 3350 3920 4015 4138 4265 4622 4744 4886 5009 5113 5239
       5492 5613 5737 5861 5984 $
77   244 507 638 764 885 1013 1531 1812 2501 2621 2743 2864 2988 3108
       3228 3353 3917 4018 4140 4268 4619 4741 4883 5012 5116 5242
       5495 5616 5741 5864 5987 $
78   245 509 639 765 884 1014 1532 1813 2502 2622 2744 2865 2989 3109
       3229 3354 3916 4019 4141 4269 4618 4740 4882 5013 5117 5243
       5496 5617 5742 5865 5988 $
79   249 512 644 769 880 1018 1536 1817 2506 2626 2748 2869 2993 3113
       3233 3358 3912 4023 4145 4273 4614 4736 4878 5017 5121 5247
       5500 5621 5746 5869 5992 $
80   254 518 649 775 875 1023 1542 1822 2511 2631 2753 2874 2998 3118
       3239 3363 3906 4028 4151 4278 4608 4730 4917 5022 5126 5252
       5505 5627 5752 5875 5997 $
81   255 519 650 776 874 1024 1543 1823 2512 2632 2754 2875 2999 3119
       3240 3364 3905 4029 4152 4279 4607 4729 4918 5023 5127 5253
       5506 5628 5753 5876 5998 $
82   256 520 651 777 873 1025 1544 1824 2513 2633 2755 2876 3000 3120
       3241 3365 3904 4030 4153 4280 4606 4728 4919 5024 5128 5254
       5507 5629 5754 5877 5999 $
83   266 530 661 787 864 1035 1554 1832 2522 2642 2763 2884 3008 3129
       3250 3374 3952 4040 4162 4289 4596 4718 4853 5032 5137 5263
       5516 5638 5763 5887 6008 $
84   269 534 664 790 861 1038 1557 1835 2525 2645 2766 2887 3011 3132
       3253 3377 3949 4043 4165 4292 4593 4716 4856 5035 5140 5266
       5519 5641 5766 5890 6011 $
85   272 537 667 793 858 1040 1559 1838 2527 2647 2769 2890 3014 3135
       3256 3380 3946 4046 4169 4295 4590 4713 4926 5038 5143 5269
       5522 5644 5769 5892 6013 $
86   273 538 670 794 857 1041 1560 1839 2528 2648 2770 2891 3015 3136
       3257 3381 3945 4047 4170 4296 4589 4712 4927 5039 5144 5270
       5523 5645 5770 5893 6014 $
87   278 543 675 798 853 1044 1565 1843 2531 2651 2774 2895 3019 3141
       3261 3386 3941 4052 4175 4300 4585 4708 4907 5043 5148 5274
       5527 5649 5774 5898 6018 $
88   279 544 676 799 852 1045 1566 1844 2532 2652 2775 2896 3020 3142
       3262 3387 3940 4053 4176 4301 4584 4707 4906 5044 5149 5275
       5528 5650 5775 5899 6019 $
89   289 553 686 809 966 1054 1576 1853 2541 2661 2784 2905 3029 3152
       3271 3397 3973 4063 4186 4310 4697 4820 4875 5053 5158 5283
       5537 5659 5784 5909 6028 $
90   290 554 687 810 965 1055 1577 1854 2542 2662 2785 2906 3030 3153
       3272 3398 3972 4064 4187 4311 4696 4819 4874 5054 5159 5284
       5538 5660 5785 5910 6029 $
91   301 568 699 823 952 1067 1589 1867 2554 2674 2797 2918 3042 3165
       3284 3410 3960 4074 4200 4323 4684 4807 4861 5067 5171 5296
       5550 5672 5797 5921 6042 $
92   305 572 706 827 948 1071 1593 1871 2558 2678 2801 2922 3046 3169
       3288 3414 3956 4078 4204 4327 4680 4803 4937 5071 5175 5300
       5554 5676 5801 5925 6046 $
93   308 576 708 831 944 1074 1597 1875 2561 2681 2805 2926 3050 3172
       3292 3417 3895 4081 4207 4331 4676 4799 4925 5075 5179 5304
       5558 5680 5805 5929 6050 $
94   311 579 711 834 941 1077 1600 1878 2564 2684 2808 2929 3053 3175
       3295 3420 3892 4084 4210 4334 4673 4796 4891 4953 5182 5307
       5561 5683 5808 5932 6053 $
95   312 580 712 835 940 1078 1601 1879 2565 2685 2809 2930 3054 3176
       3296 3421 3891 4085 4211 4335 4672 4795 4890 4954 5183 5308
       5562 5684 5809 5933 6054 $
96   322 846 929 1089 1890 2576 2696 2820 2941 3065 3185 3307 3431
       3480 3761 3881 4094 4221 4346 4472 4661 4784 4896 4965 5194
       5319 5413 5695 5820 5943 6065 $
97   206 469 597 728 976 1495 1776 2463 2583 2703 2827 2948 3072 3192
       3314 3874 3979 4101 4228 4654 4777 4903 4972 5078 5201 5459
       5579 5702 5827 5950 $
98   207 470 598 729 921 977 1496 1777 2464 2584 2704 2828 2949 3073
       3193 3315 3873 3980 4102 4229 4653 4776 4973 5079 5202 5460
       5580 5703 5828 5951 $
99   243 506 637 763 886 1012 1530 1811 2500 2620 2742 2863 2987 3107
       3227 3352 3918 4017 4267 4620 4742 4884 5011 5115 5241 5494
       5615 5740 5863 5986 $
100  247 642 767 882 1016 1534 1815 2504 2624 2746 2867 2991 3111 3231
       3356 3914 4021 4143 4271 4616 4738 4880 5015 5119 5245 5498
       5619 5744 5867 5990 $
101  274 540 671 795 856 1562 1840 2529 2649 2771 2892 3016 3137 3258
       3382 3944 4048 4171 4297 4588 4711 4928 5040 5145 5271 5524
       5646 5771 5894 6015 $
102  284 548 681 804 971 1049 1571 1848 2536 2656 2779 2900 3024 3147
       3266 3392 3936 4058 4181 4305 4702 4825 4949 5048 5153 5532
       5654 5779 5904 6023 $
103  306 573 828 947 1072 1594 1872 2559 2679 2802 2923 3047 3170 3289
       3415 3955 4079 4205 4328 4679 4802 4936 5072 5176 5301 5555
       5677 5802 5926 6047 $
104  309 577 709 832 943 1075 1598 1876 2562 2682 2806 2927 3051 3173
       3293 3418 3894 4082 4208 4332 4675 4798 4893 5180 5305 5559
       5681 5806 5930 6051 $
105  319 590 720 843 932 1086 1609 1887 2573 2693 2817 2938 3062 3183
       3304 3428 3884 4092 4218 4343 4664 4787 4962 5191 5316 5570
       5692 5817 5940 6062 $
106  232 495 626 752 897 1001 1519 1800 2489 2609 2731 2852 2976 3096
       3216 3341 3929 4006 4129 4256 4753 4933 5000 5104 5230 5483
       5604 5728 5852 $
107  307 574 829 946 1073 1595 1873 2560 2680 2803 2924 3048 3171 3290
       3416 3954 4080 4206 4329 4678 4801 5073 5177 5302 5556 5678
       5803 5927 6048 $
108  323 847 928 1090 1612 1891 2577 2697 2821 2942 3066 3186 3308
       3432 3880 4095 4222 4347 4660 4783 4897 4966 5195 5320 5573
       5696 5821 5944 6066 $
109  275 541 673 796 855 1563 1841 2772 2893 3017 3138 3259 3383 3943
       4049 4172 4298 4587 4710 4929 5041 5146 5272 5525 5647 5772
       5895 6016 $
110  321 722 845 930 1088 1611 1889 2575 2695 2819 2940 3064 3306 3430
       3882 4220 4345 4662 4785 4895 4964 5193 5318 5572 5694 5819
       5942 6064 $
111  563 695 819 956 1063 1585 1863 2550 2670 2793 2914 3038 3161 3280
       3406 3964 4196 4319 4688 4811 4865 5063 5167 5292 5546 5668
       5793 6038 $
112  549 682 805 970 1050 1572 1849 2537 2657 2780 2901 3025 3267 3393
       4182 4306 4356 4701 4824 5049 5154 5279 5533 5655 5780 5905
       6024 $
113  168 169 362 1179 1238 1348 1409 1419 1719 1899 1936 1941 1944
       1945 1982 2321 2330 2381 3582 3591 3664 3677 3682 3690 3695
       4370 $
114  616 904 994 1513 2721 2845 2966 3333 3529 3810 3856 3997 4119
       4247 4522 4638 4759 4832 4989 5096 5219 5365 5596 5720 5846
       5968 $
115  214 477 605 914 984 2472 2592 2711 2835 2956 3080 3322 3519 3800
       3987 4109 4236 4512 4769 5086 5209 5375 5710 5835 5958 $
116  257 521 778 872 1026 1545 1825 2514 2634 3242 3366 3470 3751 3903
       4031 4154 4462 4605 4727 5423 5508 5630 5755 5878 6000 $
117  270 535 665 791 860 1836 2767 2888 3012 3133 3254 3948 4044 4166
       4293 4592 4715 4857 5036 5141 5267 5520 5642 5767 $
118  297 562 694 957 1062 1584 2549 2669 2792 2913 3037 3160 3405 3489
       3770 4070 4318 4481 4689 4812 5291 5404 5667 5917 $
119  6 65 93 94 108 172 1133 1150 1200 1210 1236 1263 1265 1305 1367
       1373 1401 1429 1455 1477 1479 1700 1755 $
120  575 707 830 945 1596 1874 2804 2925 3049 3291 4330 4677 4800 4924
       5074 5178 5303 5557 5679 5804 5928 6049 $
121  585 839 936 1082 1605 1883 2569 2689 2813 2934 3058 3300 4339
       4668 4791 4958 5187 5312 5566 5688 5813 6058 $
122  4 64 1209 1454 2308 2309 2314 2323 2339 2340 2355 2376 2384 2385
       2386 2387 2388 2389 2399 2413 2430 $
123  120 177 194 1100 1223 1240 1267 1300 1418 1469 1489 1635 1664
       1706 1730 2202 $
124  229 491 622 999 2607 2728 2973 3338 3934 4003 4126 4996 5226 5973 $
125  898 2730 2851 2975 4255 4631 4932 4999 5103 5229 5603 5727 5975 $
126  87 1152 1174 1212 1616 1645 1699 1734 1742 1750 1766 1773 $
127  490 900 2486 2606 2849 3093 4252 4633 4828 5100 5601 5725 $
128  3438 3439 3506 3718 3719 3787 4499 4570 4571 5388 5453 5454 $
129  277 3140 3385 3510 3652 3791 4051 4174 4503 5384 5897 $
130  515 772 1539 3236 3909 4148 4611 4733 5624 5749 5872 $
131  817 1861 3279 3965 4194 4867 5061 5166 5545 5792 6036 $
132  2029 2030 2031 2032 2034 2035 2036 2038 2256 2257 2258 $
133  88 129 1097 1328 1329 1364 1365 1470 1472 1487 $
134  125 424 1228 1490 1701 1986 2061 2287 3685 4351 $
135  156 428 1157 1285 1622 1910 2201 2312 3576 4429 $
136  2012 2013 2014 2068 2069 2072 2073 2074 2076 2259 $
137  30 382 1225 1376 1663 1994 2255 3675 4389 $
138  99 161 1146 1452 1680 1917 2067 2336 3707 $
139  100 1249 1394 1723 3504 3575 3785 4496 5390 $
140  280 800 1567 3143 3388 4054 4177 4706 5900 $
141  372 3444 3505 3724 3786 4497 4576 5389 5448 $
142  492 623 3094 3932 4253 4930 4997 5101 5227 $
143  615 1512 2602 3209 3332 3857 4246 5476 5845 $
144  620 2725 2970 4251 4634 4993 5223 5600 5724 $
145  2317 2353 2354 2394 2395 2396 2421 2422 2423 $
146  3442 3449 3722 3729 4574 4581 4582 5443 5450 $
147  3501 3556 3592 3782 3837 4493 4550 5338 5393 $
148  71 458 1119 1331 1684 2137 2446 4404 $
149  184 1107 1120 1185 1197 1246 1355 1440 $
150  228 621 2727 2972 4002 4125 4995 5225 $
151  328 1979 3570 3580 3851 4402 4565 5324 $
152  69 98 1112 1192 1193 1222 1422 $
153  89 144 1181 1282 1451 1727 2215 $
154  181 1189 1207 1342 1433 1681 1768 $
155  182 1129 1439 1721 1906 2359 3705 $
156  191 370 1199 1421 1733 2427 4413 $
157  329 404 405 406 407 408 452 $
158  344 1117 1642 1912 2345 3573 4394 $
159  351 352 353 355 356 358 359 $
160  451 1343 1949 2351 2441 3648 4425 $
161  1981 3535 3581 3666 3816 4528 5359 $
162  2086 2087 2088 2089 2090 2091 2092 $
163  2332 2334 2403 2404 2442 2443 2444 $
164  8 1284 3549 3830 4543 5345 $
165  48 77 82 146 1123 1387 $
166  55 1227 1327 1717 2120 2426 $
167  66 67 1132 1411 1690 2117 $
168  75 1198 1366 1732 2144 2289 $
169  86 1175 1320 1718 2199 2447 $
170  90 1262 1391 1743 2216 2352 $
171  95 1270 1316 1736 2116 2390 $
172  104 340 1237 1716 2366 4354 $
173  116 2383 3548 3829 4542 5346 $
174  178 1139 1338 1765 2188 2440 $
175  180 1124 1254 1340 1621 1720 $
176  331 1264 1632 1960 3598 4376 $
177  337 1985 2374 2393 3600 4383 $
178  465 1127 1624 1942 3662 4379 $
179  494 751 1518 1799 3215 5482 $
180  818 1862 4195 4866 5062 6037 $
181  998 2726 2971 4994 5224 5972 $
182  1902 1951 1953 3608 3617 3637 $
183  2093 2094 2229 2272 2273 2274 $
184  0 140 141 1333 1393 $
185  2 1221 1291 1731 2414 $
186  3 1203 1410 1748 2307 $
187  14 1242 1371 1756 2364 $
188  16 1258 1483 1629 2322 $
189  84 1196 1318 1715 2310 $
190  85 1113 1114 1319 1714 $
191  103 1125 1688 2337 2346 $
192  111 1115 1356 1767 2328 $
193  121 1224 1290 1678 2200 $
194  135 1213 1464 1749 2300 $
195  145 1239 1314 1754 2228 $
196  147 1149 1431 1685 2457 $
197  149 1216 1463 1761 2329 $
198  150 1143 1341 1692 2064 $
199  160 1191 1465 1694 2350 $
200  173 1404 1407 1413 2301 $
201  176 1128 1306 1625 2167 $
202  183 1122 1280 1623 2124 $
203  192 1214 1420 1728 2110 $
204  196 1218 1276 1763 2410 $
205  262 1031 3125 4036 4722 $
206  392 2000 2291 3614 4412 $
207  402 432 433 434 435 $
208  652 4281 4920 5129 5255 $
209  749 1797 3213 3933 5480 $
210  1232 1295 1752 1999 3615 $
211  2028 3554 3835 4548 5340 $
212  3483 3700 3764 4475 5410 $
213  3509 3790 4357 4502 5385 $
214  7 1194 1486 2056 $
215  11 1336 1386 1448 $
216  17 1101 1482 1745 $
217  23 1279 1354 1471 $
218  41 1156 1459 1672 $
219  43 1253 1458 1697 $
220  63 1154 1345 1724 $
221  73 1111 1644 2237 $
222  106 1116 1475 1713 $
223  119 1195 1395 1751 $
224  123 1167 1415 1660 $
225  134 1180 1438 1705 $
226  158 1134 1311 1770 $
227  159 1106 1466 1650 $
228  174 1206 1283 1677 $
229  202 1130 1293 1722 $
230  203 1248 1292 1769 $
231  227 3337 4001 4123 $
232  349 1919 3680 4401 $
233  383 1976 2347 3710 $
234  387 1915 3578 4438 $
235  420 2003 3596 4446 $
236  441 1916 3706 4365 $
237  453 1926 3669 4423 $
238  527 658 1551 4599 $
239  1996 3623 3634 3673 $
240  2158 2160 2162 2165 $
241  2232 2234 2236 2253 $
242  3441 3721 4573 5451 $
243  3456 3737 4448 5436 $
244  3459 3740 4451 5434 $
245  3460 3741 4452 5433 $
246  3462 3743 4454 5431 $
247  3463 3744 4455 5430 $
248  3464 3745 4456 5429 $
249  3467 3748 4459 5426 $
250  3468 3749 4460 5425 $
251  3469 3750 4461 5424 $
252  3477 3758 4469 5416 $
253  3478 3759 4470 5415 $
254  3479 3760 4471 5414 $
255  3500 3781 4492 5394 $
256  3502 3783 4494 5392 $
257  3503 3784 4495 5391 $
258  3507 3788 4500 5387 $
259  3511 3792 4504 5383 $
260  3512 3793 4505 5382 $
261  3513 3794 4506 5381 $
262  3514 3795 4507 5380 $
263  3517 3798 4510 5377 $
264  3520 3801 4513 5374 $
265  3523 3804 4516 5371 $
266  3528 3809 4521 5366 $
267  3532 3813 4525 5362 $
268  3534 3815 4527 5360 $
269  3537 3818 4530 5357 $
270  3542 3823 4535 5352 $
271  3544 3825 4537 5350 $
272  3545 3826 4538 5349 $
273  3546 3827 4539 5348 $
274  3555 3836 4549 5339 $
275  3557 3838 4551 5337 $
276  3559 3840 4553 5335 $
277  3561 3842 4555 5333 $
278  3563 3844 4558 5331 $
279  3564 3845 4559 5330 $
280  3569 3850 4564 5325 $
281  27 1109 1653 $
282  52 1324 1630 $
283  76 1361 2357 $
284  92 1445 1631 $
285  114 1163 1633 $
286  115 1260 1655 $
287  200 1334 1737 $
288  201 1335 2392 $
289  288 3151 4062 $
290  336 1955 4384 $
291  381 1961 3574 $
292  1105 1647 1649 $
293  1153 1665 2211 $
294  1252 1698 2210 $
295  1257 1628 2205 $
296  1989 3642 3703 $
297  2159 2161 2164 $
298  2231 2233 2235 $
299  2267 2268 2269 $
300  2275 2276 2277 $
301  3340 4128 5851 $
302  3450 3730 5442 $
303  3451 3731 5441 $
304  3452 3732 5440 $
305  3453 3733 5439 $
306  3454 3734 5438 $
307  3455 3735 5437 $
308  3457 3738 4449 $
309  3499 3780 4491 $
310  1 1168 $
311  9 1485 $
312  13 1425 $
313  15 1095 $
314  19 1426 $
315  24 1402 $
316  26 1378 $
317  33 1374 $
318  39 1462 $
319  42 1271 $
320  44 1457 $
321  47 1259 $
322  49 1450 $
323  51 1326 $
324  54 1321 $
325  59 1353 $
326  60 1352 $
327  68 1158 $
328  91 1375 $
329  96 1317 $
330  97 1442 $
331  101 1359 $
332  105 1289 $
333  110 1233 $
334  112 1277 $
335  117 1397 $
336  118 1396 $
337  130 1406 $
338  138 1478 $
339  139 1473 $
340  142 1480 $
341  154 1303 $
342  162 1294 $
343  165 1273 $
344  166 1456 $
345  171 1405 $
346  179 1269 $
347  185 1148 $
348  186 1444 $
349  189 1474 $
350  195 1301 $
351  197 1278 $
352  198 1347 $
353  231 4005 $
354  334 4385 $
355  339 4355 $
356  341 4353 $
357  346 4397 $
358  365 4368 $
359  369 4414 $
360  378 4362 $
361  389 4440 $
362  394 414 $
363  398 4431 $
364  401 4434 $
365  415 2361 $
366  416 4363 $
367  423 3691 $
368  430 4430 $
369  431 4409 $
370  438 4367 $
371  442 4427 $
372  443 4426 $
373  444 4422 $
374  448 4419 $
375  449 450 $
376  456 4406 $
377  462 4408 $
378  539 1561 $
379  625 3095 $
380  737 1785 $
381  1098 1641 $
382  1099 1643 $
383  1108 1652 $
384  1126 1764 $
385  1135 1725 $
386  1138 1656 $
387  1141 1683 $
388  1142 1619 $
389  1144 1693 $
390  1145 1626 $
391  1159 1674 $
392  1171 1657 $
393  1182 1711 $
394  1183 1666 $
395  1188 1617 $
396  1204 1747 $
397  1205 1441 $
398  1208 1759 $
399  1229 1702 $
400  1230 1298 $
401  1234 1676 $
402  1235 1686 $
403  1244 1618 $
404  1250 1744 $
405  1255 1703 $
406  1307 1309 $
407  1308 1310 $
408  1322 1428 $
409  1337 1449 $
410  1349 1772 $
411  1384 2010 $
412  1900 3653 $
413  1904 3571 $
414  1908 3585 $
415  1911 3572 $
416  1913 3665 $
417  1914 3649 $
418  1920 3610 $
419  1922 3595 $
420  1925 3645 $
421  1928 3672 $
422  1930 3632 $
423  1931 3633 $
424  1932 3644 $
425  1933 3589 $
426  1935 3655 $
427  1938 3658 $
428  1939 3702 $
429  1940 3701 $
430  1943 3661 $
431  1946 3684 $
432  1947 3646 $
433  1954 3602 $
434  1956 3656 $
435  1959 3601 $
436  1964 3699 $
437  1968 3603 $
438  1969 3660 $
439  1971 3613 $
440  1972 3612 $
441  1974 3587 $
442  1978 3709 $
443  1980 3627 $
444  1983 3689 $
445  1988 3643 $
446  1990 3704 $
447  1991 3604 $
448  1993 3586 $
449  1995 3711 $
450  1997 3630 $
451  1998 3629 $
452  2001 3714 $
453  2046 2060 $
454  2103 2104 $
455  2129 2131 $
456  2174 2175 $
457  2217 2218 $
458  2219 2220 $
459  2242 2249 $
460  2281 2283 $
461  2316 2379 $
462  2362 2363 $
463  2419 2429 $
464  2428 2454 $
465  3379 4168 $
466  3609 3651 $
467  3620 3631 $
468  3628 3657 $
469  3930 4754 $
470  4374 4375 $
471  12 $
472  18 $
473  20 $
474  21 $
475  28 $
476  29 $
477  31 $
478  32 $
479  35 $
480  36 $
481  37 $
482  38 $
483  40 $
484  53 $
485  56 $
486  57 $
487  58 $
488  70 $
489  72 $
490  74 $
491  81 $
492  83 $
493  102 $
494  107 $
495  109 $
496  113 $
497  122 $
498  126 $
499  127 $
500  132 $
501  133 $
502  137 $
503  143 $
504  152 $
505  163 $
506  170 $
507  187 $
508  190 $
509  193 $
510  327 $
511  332 $
512  333 $
513  335 $
514  338 $
515  343 $
516  345 $
517  347 $
518  350 $
519  354 $
520  357 $
521  360 $
522  363 $
523  364 $
524  366 $
525  367 $
526  371 $
527  375 $
528  376 $
529  384 $
530  393 $
531  397 $
532  409 $
533  410 $
534  413 $
535  418 $
536  419 $
537  421 $
538  422 $
539  425 $
540  427 $
541  429 $
542  437 $
543  439 $
544  445 $
545  446 $
546  447 $
547  454 $
548  457 $
549  459 $
550  460 $
551  461 $
552  463 $
553  464 $
554  466 $
555  508 $
556  511 $
557  559 $
558  624 $
559  672 $
560  702 $
561  703 $
562  983 $
563  1042 $
564  1102 $
565  1103 $
566  1104 $
567  1121 $
568  1131 $
569  1147 $
570  1161 $
571  1164 $
572  1165 $
573  1169 $
574  1170 $
575  1176 $
576  1177 $
577  1186 $
578  1201 $
579  1202 $
580  1217 $
581  1219 $
582  1226 $
583  1241 $
584  1243 $
585  1245 $
586  1247 $
587  1261 $
588  1266 $
589  1274 $
590  1275 $
591  1281 $
592  1286 $
593  1287 $
594  1297 $
595  1299 $
596  1313 $
597  1315 $
598  1323 $
599  1325 $
600  1339 $
601  1346 $
602  1351 $
603  1357 $
604  1358 $
605  1360 $
606  1362 $
607  1363 $
608  1368 $
609  1369 $
610  1370 $
611  1372 $
612  1377 $
613  1380 $
614  1381 $
615  1383 $
616  1385 $
617  1388 $
618  1389 $
619  1390 $
620  1399 $
621  1403 $
622  1408 $
623  1412 $
624  1416 $
625  1417 $
626  1432 $
627  1434 $
628  1436 $
629  1437 $
630  1453 $
631  1460 $
632  1461 $
633  1467 $
634  1476 $
635  1481 $
636  1491 $
637  1634 $
638  1636 $
639  1637 $
640  1639 $
641  1648 $
642  1651 $
643  1654 $
644  1667 $
645  1670 $
646  1671 $
647  1673 $
648  1679 $
649  1691 $
650  1696 $
651  1704 $
652  1712 $
653  1726 $
654  1735 $
655  1746 $
656  1753 $
657  1757 $
658  1758 $
659  1760 $
660  1762 $
661  1771 $
662  1905 $
663  1921 $
664  1923 $
665  1927 $
666  1934 $
667  1957 $
668  1958 $
669  1975 $
670  1977 $
671  2005 $
672  2007 $
673  2008 $
674  2009 $
675  2011 $
676  2015 $
677  2016 $
678  2017 $
679  2018 $
680  2019 $
681  2020 $
682  2021 $
683  2022 $
684  2023 $
685  2024 $
686  2025 $
687  2026 $
688  2027 $
689  2033 $
690  2037 $
691  2039 $
692  2040 $
693  2041 $
694  2042 $
695  2043 $
696  2045 $
697  2047 $
698  2048 $
699  2049 $
700  2050 $
701  2051 $
702  2053 $
703  2055 $
704  2058 $
705  2059 $
706  2062 $
707  2063 $
708  2065 $
709  2066 $
710  2070 $
711  2071 $
712  2075 $
713  2077 $
714  2078 $
715  2079 $
716  2080 $
717  2081 $
718  2082 $
719  2083 $
720  2084 $
721  2085 $
722  2095 $
723  2096 $
724  2097 $
725  2098 $
726  2101 $
727  2102 $
728  2105 $
729  2106 $
730  2107 $
731  2108 $
732  2109 $
733  2111 $
734  2112 $
735  2113 $
736  2114 $
737  2115 $
738  2119 $
739  2122 $
740  2123 $
741  2125 $
742  2126 $
743  2127 $
744  2128 $
745  2130 $
746  2132 $
747  2133 $
748  2135 $
749  2136 $
750  2138 $
751  2140 $
752  2141 $
753  2142 $
754  2143 $
755  2145 $
756  2148 $
757  2149 $
758  2150 $
759  2151 $
760  2152 $
761  2154 $
762  2155 $
763  2156 $
764  2157 $
765  2163 $
766  2166 $
767  2168 $
768  2169 $
769  2170 $
770  2171 $
771  2172 $
772  2173 $
773  2176 $
774  2177 $
775  2178 $
776  2179 $
777  2180 $
778  2181 $
779  2182 $
780  2183 $
781  2184 $
782  2185 $
783  2186 $
784  2187 $
785  2189 $
786  2190 $
787  2193 $
788  2194 $
789  2195 $
790  2197 $
791  2203 $
792  2208 $
793  2209 $
794  2212 $
795  2213 $
796  2214 $
797  2221 $
798  2222 $
799  2223 $
800  2224 $
801  2225 $
802  2226 $
803  2227 $
804  2230 $
805  2239 $
806  2240 $
807  2241 $
808  2243 $
809  2245 $
810  2246 $
811  2247 $
812  2248 $
813  2250 $
814  2251 $
815  2254 $
816  2261 $
817  2262 $
818  2263 $
819  2264 $
820  2265 $
821  2266 $
822  2270 $
823  2271 $
824  2278 $
825  2279 $
826  2280 $
827  2282 $
828  2284 $
829  2285 $
830  2286 $
831  2288 $
832  2290 $
833  2292 $
834  2293 $
835  2297 $
836  2299 $
837  2302 $
838  2303 $
839  2304 $
840  2305 $
841  2306 $
842  2311 $
843  2313 $
844  2319 $
845  2325 $
846  2326 $
847  2327 $
848  2333 $
849  2335 $
850  2338 $
851  2343 $
852  2344 $
853  2348 $
854  2349 $
855  2358 $
856  2365 $
857  2367 $
858  2368 $
859  2369 $
860  2370 $
861  2371 $
862  2372 $
863  2373 $
864  2378 $
865  2380 $
866  2382 $
867  2398 $
868  2400 $
869  2405 $
870  2406 $
871  2408 $
872  2409 $
873  2411 $
874  2412 $
875  2415 $
876  2417 $
877  2418 $
878  2420 $
879  2424 $
880  2425 $
881  2431 $
882  2432 $
883  2433 $
884  2435 $
885  2436 $
886  2438 $
887  2445 $
888  2449 $
889  2450 $
890  2451 $
891  2452 $
892  2453 $
893  2455 $
894  2458 $
895  2460 $
896  2482 $
897  2488 $
898  3579 $
899  3584 $
900  3588 $
901  3590 $
902  3599 $
903  3606 $
904  3611 $
905  3618 $
906  3622 $
907  3625 $
908  3635 $
909  3636 $
910  3639 $
911  3650 $
912  3654 $
913  3663 $
914  3668 $
915  3670 $
916  3678 $
917  3681 $
918  3686 $
919  3687 $
920  3688 $
921  3693 $
922  3697 $
923  3708 $
924  3713 $
925  3736 $
926  3852 $
927  4124 $
928  4358 $
929  4359 $
930  4369 $
931  4377 $
932  4380 $
933  4381 $
934  4382 $
935  4386 $
936  4387 $
937  4390 $
938  4391 $
939  4393 $
940  4395 $
941  4396 $
942  4398 $
943  4400 $
944  4405 $
945  4415 $
946  4416 $
947  4418 $
948  4420 $
949  4421 $
950  4424 $
951  4428 $
952  4443 $
953  4447 $
954  4498 $
955  4556 $
956  4836 $
957  4859 $
958  5883 $
)
