# cline: mcl ./orthofinder_2_genus/Results_May09/WorkingDirectory/OrthoFinder_graph.txt "-I" "1.5" "-o" "./orthofinder_2_genus/Results_May09/WorkingDirectory/clusters_OrthoFinder_I1.5.txt" "-te" "6" "-V" "all"
(mclheader
mcltype matrix
dimensions 7562x222
)
(mclmatrix
begin
0    11 130 258 371 499 618 737 971 1083 1212 1319 1437 1568 1689 1809
       1976 1977 2038 2164 2278 2394 2514 2530 2649 2766 2885 2905
       3017 3138 3265 3376 3497 3617 3738 3857 3976 4097 4223 4338
       4459 4579 4699 4819 4939 5061 5191 5314 5434 5550 5670 5779
       5900 5921 6034 6163 6281 6394 6514 6629 6756 6874 6995 7111
       7232 7350 7477 $
1    20 138 266 380 507 626 745 859 979 1092 1220 1328 1446 1576 1697
       1817 1942 2047 2172 2287 2430 2517 2539 2658 2802 2913 3026
       3147 3273 3385 3506 3626 3747 3866 3985 4106 4231 4347 4468
       4588 4708 4828 4948 5070 5199 5322 5442 5558 5678 5815 5929
       6043 6171 6289 6403 6523 6638 6765 6883 7004 7120 7241 7359
       7468 $
2    7 126 254 367 495 614 733 848 967 1079 1208 1316 1433 1564 1685
       1805 2025 2034 2160 2274 2413 2526 2645 2785 2901 3013 3134
       3261 3372 3493 3613 3734 3853 3972 4093 4219 4334 4455 4575
       4695 4816 4935 5057 5187 5310 5430 5546 5666 5798 5917 6030
       6159 6277 6390 6510 6625 6752 6870 6991 7107 7228 7346 7479 $
3    10 129 257 370 498 617 736 851 970 1082 1211 1314 1436 1567 1688
       1808 1979 2037 2163 2277 2396 2529 2648 2768 2904 3016 3137
       3264 3375 3496 3616 3737 3856 3975 4096 4222 4337 4458 4578
       4698 4818 4938 5060 5190 5313 5433 5549 5669 5781 5920 6033
       6162 6280 6393 6513 6628 6755 6873 6994 7110 7231 7349 7478 $
4    12 131 259 372 500 619 738 852 972 1084 1213 1320 1438 1569 1690
       1810 1956 2039 2165 2279 2437 2531 2650 2809 2906 3018 3139
       3266 3377 3498 3618 3739 3858 3977 4098 4224 4339 4460 4580
       4700 4820 4940 5062 5192 5315 5435 5551 5671 5822 5922 6035
       6164 6282 6395 6515 6630 6757 6875 6996 7112 7233 7351 7476 $
5    13 132 260 373 501 620 739 853 973 1085 1214 1321 1439 1570 1691
       1811 1937 2040 2166 2280 2436 2532 2651 2808 2907 3019 3140
       3267 3378 3499 3619 3740 3859 3978 4099 4225 4340 4461 4581
       4701 4821 4941 5063 5193 5316 5436 5552 5672 5821 5923 6036
       6165 6283 6396 6516 6631 6758 6876 6997 7113 7234 7352 7475 $
6    19 137 265 379 506 625 744 858 978 1091 1219 1327 1445 1575 1696
       1816 1912 2046 2171 2286 2390 2538 2657 2761 2912 3025 3146
       3272 3384 3505 3625 3746 3865 3984 4105 4230 4346 4467 4587
       4707 4827 4947 5069 5198 5321 5441 5557 5677 5774 5928 6042
       6170 6288 6402 6522 6637 6764 6882 7003 7119 7240 7358 7469 $
7    23 141 268 383 509 628 747 861 981 1095 1222 1331 1449 1578 1699
       1819 1945 2050 2174 2290 2427 2542 2661 2799 2915 3029 3150
       3275 3388 3509 3629 3750 3869 3988 4109 4233 4350 4471 4591
       4711 4831 4951 5073 5201 5324 5444 5560 5680 5812 5931 6046
       6173 6291 6406 6526 6641 6768 6886 7007 7123 7244 7362 7465 $
8    24 142 269 384 510 629 748 862 982 1096 1223 1332 1450 1579 1700
       1820 1933 2051 2175 2291 2426 2543 2662 2798 2916 3030 3151
       3276 3389 3510 3630 3751 3870 3989 4110 4234 4351 4472 4592
       4712 4832 4952 5074 5202 5325 5445 5561 5681 5811 5932 6047
       6174 6292 6407 6527 6642 6769 6887 7008 7124 7245 7363 7464 $
9    25 143 270 385 511 630 749 863 983 1097 1224 1333 1451 1580 1701
       1821 1932 2052 2176 2292 2425 2544 2663 2797 2917 3031 3152
       3277 3390 3511 3631 3752 3871 3990 4111 4235 4352 4473 4593
       4713 4833 4953 5075 5203 5326 5446 5562 5682 5810 5933 6048
       6175 6293 6408 6528 6643 6770 6888 7009 7125 7246 7364 7463 $
10   26 144 272 386 513 632 751 865 985 1098 1226 1335 1453 1582 1703
       1823 1929 2053 2178 2293 2422 2545 2664 2794 2919 3032 3153
       3279 3391 3512 3632 3753 3872 3991 4112 4237 4353 4474 4594
       4714 4834 4954 5076 5205 5328 5448 5564 5684 5807 5935 6049
       6177 6295 6409 6529 6645 6771 6889 7010 7126 7247 7365 7461 $
11   27 145 273 387 514 633 752 866 986 1099 1227 1336 1454 1583 1704
       1824 1928 2054 2179 2294 2421 2546 2665 2793 2920 3033 3154
       3280 3392 3513 3633 3754 3873 3992 4113 4238 4354 4475 4595
       4715 4835 4955 5077 5206 5329 5449 5565 5685 5806 5936 6050
       6178 6296 6410 6530 6646 6772 6890 7011 7127 7248 7366 7460 $
12   29 147 275 389 516 635 754 868 988 1101 1228 1339 1458 1585 1706
       1826 1969 2056 2181 2296 2443 2548 2667 2815 2922 3035 3156
       3282 3394 3515 3635 3756 3875 3994 4115 4240 4356 4477 4597
       4717 4837 4957 5079 5208 5330 5450 5567 5687 5829 5938 6052
       6179 6297 6412 6532 6650 6774 6892 7013 7129 7250 7368 7557 $
13   31 150 276 392 517 636 755 870 989 1104 1229 1341 1460 1586 1707
       1827 2020 2058 2183 2298 2516 2550 2670 2887 2923 3038 3158
       3283 3397 3517 3638 3758 3877 3996 4117 4242 4359 4479 4599
       4719 4839 4960 5082 5209 5331 5451 5568 5688 5902 5939 6055
       6180 6298 6414 6535 6652 6777 6895 7015 7132 7252 7370 7551 $
14   32 151 277 393 518 637 756 871 990 1105 1230 1342 1461 1587 1708
       1828 2021 2059 2184 2299 2417 2551 2671 2789 2924 3039 3159
       3284 3398 3518 3639 3759 3878 3997 4118 4243 4360 4480 4600
       4720 4840 4961 5083 5210 5332 5452 5569 5689 5802 5940 6056
       6181 6299 6415 6536 6653 6778 6896 7016 7133 7253 7371 7552 $
15   33 152 278 394 519 638 757 872 991 1106 1231 1343 1462 1588 1709
       1829 1955 2060 2185 2300 2502 2552 2672 2873 2925 3040 3160
       3285 3399 3519 3640 3760 3879 3998 4119 4244 4361 4481 4601
       4721 4841 4962 5084 5211 5333 5453 5570 5690 5888 5941 6057
       6182 6300 6416 6537 6654 6779 6897 7017 7134 7254 7372 7553 $
16   38 157 283 399 524 643 762 875 996 1111 1236 1348 1467 1593 1714
       1834 1954 2065 2190 2305 2501 2557 2677 2872 2930 3045 3165
       3290 3404 3524 3645 3765 3884 4003 4124 4249 4366 4486 4606
       4726 4846 4967 5089 5216 5338 5458 5575 5694 5887 5946 6062
       6187 6305 6421 6542 6659 6782 6902 7022 7139 7259 7377 7556 $
17   46 165 290 407 531 650 769 882 1002 1118 1243 1356 1475 1600 1721
       1841 1983 2073 2197 2313 2492 2565 2685 2864 2937 3053 3172
       3297 3412 3532 3653 3773 3892 4011 4132 4256 4374 4494 4614
       4734 4854 4975 5097 5223 5345 5465 5582 5701 5878 5953 6070
       6194 6311 6429 6550 6667 6790 6910 7030 7147 7267 7383 7542 $
18   49 168 293 410 534 653 772 885 1005 1121 1246 1359 1478 1603 1724
       1844 1986 2076 2200 2316 2489 2568 2688 2861 2940 3056 3175
       3300 3415 3535 3656 3776 3895 4014 4135 4259 4377 4497 4617
       4737 4857 4978 5100 5226 5348 5468 5585 5704 5875 5956 6073
       6197 6314 6432 6553 6670 6793 6913 7033 7150 7270 7386 7539 $
19   50 169 241 411 483 604 720 886 959 1122 1196 1360 1479 1552 1681
       1793 1987 2077 2157 2317 2485 2569 2689 2857 2891 3057 3176
       3256 3416 3536 3657 3777 3896 4015 4136 4209 4378 4498 4618
       4738 4858 4979 5101 5182 5303 5425 5541 5661 5871 5914 6074
       6155 6267 6433 6554 6671 6794 6914 7034 7151 7271 7387 7538 $
20   51 170 294 412 535 654 773 887 1006 1123 1247 1361 1480 1604 1725
       1845 1988 2078 2201 2318 2484 2570 2690 2856 2941 3058 3177
       3301 3417 3537 3658 3778 3897 4016 4137 4260 4379 4499 4619
       4739 4859 4980 5102 5227 5349 5469 5586 5705 5870 5957 6075
       6198 6315 6434 6555 6672 6795 6915 7035 7152 7272 7388 7537 $
21   56 175 298 417 539 658 777 891 1010 1128 1251 1366 1485 1608 1729
       1849 1992 2083 2205 2323 2479 2575 2695 2851 2945 3063 3182
       3305 3422 3542 3663 3783 3902 4021 4142 4264 4384 4504 4624
       4744 4864 4985 5107 5231 5353 5473 5590 5709 5865 5961 6080
       6202 6319 6439 6560 6677 6800 6920 7040 7157 7277 7393 7533 $
22   57 176 299 418 540 659 778 892 1011 1129 1252 1367 1486 1609 1730
       1850 1993 2084 2206 2324 2478 2576 2696 2850 2946 3064 3183
       3306 3423 3543 3664 3784 3903 4022 4143 4265 4385 4505 4625
       4745 4865 4986 5108 5232 5354 5474 5591 5710 5864 5962 6081
       6203 6320 6440 6561 6678 6801 6921 7041 7158 7278 7394 7532 $
23   58 177 300 419 541 660 779 893 1012 1130 1253 1368 1487 1610 1731
       1851 1994 2085 2207 2325 2477 2577 2697 2849 2947 3065 3184
       3307 3424 3544 3665 3785 3904 4023 4144 4266 4386 4506 4626
       4746 4866 4987 5109 5233 5355 5475 5592 5711 5863 5963 6082
       6204 6321 6441 6562 6679 6802 6922 7042 7159 7279 7395 7531 $
24   59 178 301 420 542 661 780 894 1013 1131 1254 1369 1488 1611 1732
       1852 1995 2086 2208 2326 2476 2578 2698 2848 2948 3066 3185
       3308 3425 3545 3666 3786 3905 4024 4145 4267 4387 4507 4627
       4747 4867 4988 5110 5234 5356 5476 5593 5712 5862 5964 6083
       6205 6322 6442 6563 6680 6803 6923 7043 7160 7280 7396 7530 $
25   60 179 303 423 544 663 782 897 1015 1134 1256 1371 1490 1613 1734
       1854 1996 2089 2210 2328 2475 2580 2700 2847 2950 3069 3186
       3310 3428 3548 3669 3787 3907 4027 4148 4269 4390 4510 4630
       4750 4870 4991 5113 5236 5358 5478 5595 5714 5861 5966 6086
       6207 6324 6444 6565 6682 6806 6925 7045 7163 7282 7399 7528 $
26   63 182 305 426 546 665 784 900 1017 1137 1258 1374 1493 1615 1736
       1856 1975 2092 2212 2330 2393 2583 2703 2765 2952 3072 3189
       3312 3431 3551 3672 3790 3909 4030 4151 4271 4393 4513 4633
       4753 4873 4994 5116 5238 5360 5480 5597 5716 5778 5968 6089
       6209 6326 6446 6568 6685 6809 6928 7048 7166 7284 7401 7525 $
27   64 183 306 427 547 666 785 901 1018 1189 1259 1375 1494 1616 1737
       1857 1918 2093 2213 2331 2406 2584 2704 2778 2953 3073 3190
       3313 3432 3552 3673 3791 3910 4031 4152 4272 4394 4514 4634
       4754 4874 4995 5117 5239 5361 5481 5598 5717 5791 5969 6090
       6210 6327 6447 6569 6686 6810 6929 7049 7167 7285 7402 7523 $
28   76 195 316 439 557 675 794 910 1027 1145 1269 1386 1505 1626 1747
       1867 2003 2105 2223 2343 2402 2596 2716 2774 2963 3085 3202
       3323 3443 3564 3685 3803 3922 4043 4164 4282 4406 4526 4646
       4766 4886 5007 5129 5248 5370 5491 5608 5727 5787 5979 6102
       6220 6337 6459 6581 6698 6820 6941 7060 7178 7297 7414 7514 $
29   78 197 318 441 560 678 797 913 1030 1147 1272 1389 1508 1629 1750
       1870 2004 2107 2226 2345 2401 2598 2718 2773 2965 3087 3204
       3325 3445 3566 3687 3805 3924 4045 4166 4285 4408 4528 4648
       4768 4888 5009 5131 5251 5373 5493 5610 5729 5786 5982 6104
       6223 6340 6461 6583 6701 6822 6943 7062 7180 7299 7416 7513 $
30   79 198 319 442 561 679 798 914 1031 1148 1273 1390 1509 1630 1751
       1871 2005 2108 2227 2346 2400 2599 2719 2772 2966 3088 3205
       3326 3446 3567 3688 3806 3925 4046 4167 4286 4409 4529 4649
       4769 4889 5010 5132 5252 5374 5494 5611 5730 5785 5983 6105
       6224 6341 6462 6584 6702 6823 6944 7063 7181 7300 7417 7512 $
31   80 199 320 443 562 680 799 915 1032 1149 1274 1391 1510 1631 1752
       1872 1934 2109 2228 2347 2509 2600 2720 2880 2967 3089 3206
       3327 3447 3568 3689 3807 3926 4047 4168 4287 4410 4530 4650
       4770 4890 5011 5133 5253 5375 5495 5612 5731 5895 5984 6106
       6225 6342 6463 6585 6703 6824 6945 7064 7182 7301 7418 7511 $
32   83 202 323 446 565 683 802 917 1035 1152 1277 1394 1513 1634 1755
       1875 1923 2112 2231 2350 2469 2603 2723 2841 2970 3092 3209
       3330 3450 3571 3692 3810 3929 4050 4171 4290 4413 4533 4653
       4773 4893 5014 5136 5256 5378 5498 5615 5734 5855 5987 6109
       6228 6345 6466 6588 6706 6827 6948 7067 7185 7304 7421 7509 $
33   84 203 324 447 566 684 803 918 1036 1153 1278 1395 1514 1635 1756
       1876 1922 2113 2232 2351 2468 2604 2724 2840 2971 3093 3210
       3331 3451 3572 3693 3811 3930 4051 4172 4291 4414 4534 4654
       4774 4894 5015 5137 5257 5379 5499 5616 5735 5854 5988 6110
       6229 6346 6467 6589 6707 6828 6949 7068 7186 7305 7422 7508 $
34   85 204 325 448 567 685 804 919 1037 1154 1279 1396 1515 1636 1757
       1877 1949 2114 2233 2352 2466 2605 2725 2838 2972 3094 3211
       3332 3452 3573 3694 3812 3931 4052 4173 4292 4415 4535 4655
       4775 4895 5016 5138 5258 5380 5500 5617 5736 5852 5989 6111
       6230 6347 6468 6590 6708 6829 6950 7069 7187 7306 7423 7507 $
35   86 205 326 449 568 686 805 920 1038 1155 1280 1397 1516 1637 1758
       1878 1951 2115 2234 2353 2465 2606 2726 2837 2973 3095 3212
       3333 3453 3574 3695 3813 3932 4053 4174 4293 4416 4536 4656
       4776 4896 5017 5139 5259 5381 5501 5618 5737 5851 5990 6112
       6231 6348 6469 6591 6709 6830 6951 7070 7188 7307 7424 7506 $
36   87 206 327 450 569 687 806 921 1039 1156 1281 1398 1517 1638 1759
       1879 1966 2116 2235 2354 2463 2607 2727 2835 2974 3096 3213
       3334 3454 3575 3696 3814 3933 4054 4175 4294 4417 4537 4657
       4777 4897 5018 5140 5260 5382 5502 5619 5738 5849 5991 6113
       6232 6349 6470 6592 6710 6831 6952 7071 7189 7308 7425 7505 $
37   90 209 330 453 572 690 809 925 1042 1159 1284 1402 1521 1641 1762
       1882 2018 2119 2238 2357 2460 2610 2730 2832 2977 3099 3216
       3337 3457 3578 3699 3817 3936 4057 4178 4297 4420 4540 4660
       4780 4900 5021 5143 5263 5385 5505 5622 5741 5846 5994 6116
       6235 6352 6473 6595 6714 6834 6955 7074 7192 7311 7428 7502 $
38   91 210 331 454 573 691 810 926 1043 1160 1285 1403 1522 1642 1763
       1883 2017 2120 2239 2358 2459 2611 2731 2831 2978 3100 3217
       3338 3458 3579 3700 3818 3937 4058 4179 4298 4421 4541 4661
       4781 4901 5022 5144 5264 5386 5506 5623 5742 5845 5995 6117
       6236 6353 6474 6596 6715 6835 6956 7075 7193 7312 7429 7501 $
39   92 211 332 455 574 692 811 927 1044 1161 1286 1404 1523 1643 1764
       1884 2024 2121 2240 2359 2414 2612 2732 2786 2979 3101 3218
       3339 3459 3580 3701 3819 3938 4059 4180 4299 4422 4542 4662
       4782 4902 5023 5145 5265 5387 5507 5624 5743 5799 5996 6118
       6237 6354 6475 6597 6716 6836 6957 7076 7194 7313 7430 7500 $
40   95 214 335 458 577 695 814 930 1047 1164 1289 1407 1526 1646 1767
       1887 2023 2124 2243 2362 2415 2615 2735 2787 2982 3104 3221
       3342 3462 3583 3704 3822 3941 4062 4183 4302 4425 4545 4665
       4785 4905 5026 5148 5268 5390 5510 5627 5746 5800 5999 6121
       6240 6357 6478 6600 6719 6839 6960 7079 7197 7316 7433 7489 $
41   101 220 343 464 585 703 822 937 1055 1170 1297 1414 1533 1654
       1775 1895 2007 2130 2251 2368 2452 2621 2741 2824 2989 3110
       3227 3350 3468 3589 3710 3828 3947 4068 4189 4310 4431 4551
       4671 4791 4911 5032 5154 5276 5398 5516 5635 5754 5838 6007
       6127 6248 6365 6484 6606 6727 6845 6966 7085 7203 7322 7439
       7493 $
42   104 223 345 467 587 705 824 939 1057 1173 1299 1417 1536 1656
       1777 1897 2008 2133 2253 2371 2453 2624 2744 2825 2991 3113
       3230 3352 3471 3592 3713 3831 3950 4071 4192 4312 4434 4554
       4674 4794 4914 5035 5157 5278 5400 5518 5637 5756 5839 6009
       6130 6250 6367 6487 6609 6730 6848 6969 7088 7206 7325 7442
       7495 $
43   105 224 346 468 588 706 825 940 1058 1174 1300 1418 1537 1657
       1778 1898 2010 2134 2254 2372 2454 2625 2745 2826 2992 3114
       3231 3353 3472 3593 3714 3832 3951 4072 4193 4313 4435 4555
       4675 4795 4915 5036 5158 5279 5401 5519 5638 5757 5840 6010
       6131 6251 6368 6488 6610 6731 6849 6970 7089 7207 7326 7443
       7496 $
44   106 225 347 469 589 707 826 941 1059 1175 1301 1419 1538 1658
       1779 1899 2011 2135 2255 2373 2455 2626 2746 2827 2993 3115
       3232 3354 3473 3594 3715 3833 3952 4073 4194 4314 4436 4556
       4676 4796 4916 5037 5159 5280 5402 5520 5639 5758 5841 6011
       6132 6252 6369 6489 6611 6732 6850 6971 7090 7208 7327 7444
       7497 $
45   107 226 349 470 591 709 828 943 1061 1176 1303 1421 1540 1660
       1781 1901 2012 2136 2257 2374 2456 2627 2747 2828 2994 3116
       3233 3355 3474 3595 3716 3834 3953 4074 4195 4316 4437 4557
       4677 4797 4917 5038 5160 5282 5404 5521 5640 5759 5842 6013
       6133 6254 6371 6490 6612 6734 6851 6972 7091 7209 7328 7445
       7498 $
46   109 228 351 472 593 710 830 945 1063 1178 1305 1423 1542 1662
       1783 1903 2015 2138 2259 2376 2458 2629 2748 2830 2996 3117
       3235 3357 3476 3597 3718 3836 3955 4076 4197 4318 4439 4559
       4679 4799 4919 5040 5162 5284 5406 5523 5642 5761 5844 6015
       6135 6256 6373 6492 6614 6736 6853 6974 7092 7211 7330 7447
       7499 $
47   113 232 355 476 597 714 834 949 1067 1182 1309 1427 1546 1666
       1787 1907 1924 2142 2263 2380 2470 2633 2752 2842 3000 3121
       3239 3361 3480 3601 3722 3840 3959 4081 4201 4322 4443 4563
       4683 4803 4923 5044 5166 5288 5410 5527 5646 5765 5856 6019
       6139 6260 6377 6496 6618 6740 6857 6978 7096 7215 7334 7451
       7485 $
48   115 234 357 478 599 716 836 951 1069 1184 1311 1429 1548 1668
       1789 1909 2013 2144 2265 2382 2457 2634 2753 2829 3002 3123
       3241 3363 3482 3603 3724 3842 3961 4083 4203 4324 4445 4565
       4685 4805 4925 5046 5168 5290 5412 5529 5648 5767 5843 6021
       6141 6262 6379 6498 6620 6742 6859 6980 7097 7217 7336 7453
       7483 $
49   116 235 358 479 600 717 837 952 1070 1185 1312 1430 1549 1669
       1790 1910 1957 2145 2266 2383 2389 2635 2754 2760 3003 3124
       3242 3364 3483 3604 3725 3843 3962 4084 4204 4325 4446 4566
       4686 4806 4926 5047 5169 5291 5413 5530 5649 5768 5773 6022
       6142 6263 6380 6499 6621 6743 6860 6981 7098 7218 7337 7454
       7482 $
50   6 125 247 366 490 612 726 847 954 1078 1206 1315 1432 1562 1671
       1803 1913 2033 2151 2273 2412 2525 2644 2784 2898 3012 3133
       3249 3371 3492 3612 3733 3852 3971 4092 4216 4333 4454 4574
       4694 4815 4934 5056 5175 5296 5418 5534 5654 5797 5907 6029
       6148 6389 6509 6624 6751 6869 6990 7106 7227 7345 7480 $
51   18 136 264 378 505 624 743 857 977 1090 1218 1326 1444 1574 1695
       1815 1941 2045 2170 2285 2431 2537 2656 2803 2911 3024 3145
       3271 3383 3504 3624 3745 3864 3983 4104 4229 4345 4466 4586
       4706 4826 4946 5068 5197 5320 5440 5556 5676 5816 5927 6041
       6169 6287 6401 6521 6636 6763 6881 7002 7118 7239 7357 $
52   28 146 274 388 515 634 753 867 987 1100 1207 1337 1455 1584 1705
       1825 1944 2055 2180 2295 2428 2547 2666 2800 2921 3034 3155
       3281 3393 3514 3634 3755 3874 3993 4114 4239 4355 4476 4596
       4716 4836 4956 5078 5207 5307 5566 5686 5813 5937 6051 6158
       6276 6411 6531 6647 6773 6891 7012 7128 7249 7367 7459 $
53   35 154 280 396 521 640 759 846 993 1108 1233 1345 1464 1590 1711
       1831 2062 2187 2302 2503 2554 2674 2874 2927 3042 3162 3287
       3401 3521 3642 3762 3881 4000 4121 4246 4363 4483 4603 4723
       4843 4964 5086 5213 5335 5455 5572 5691 5889 5943 6059 6184
       6302 6418 6539 6656 6781 6899 7019 7136 7256 7374 7554 $
54   37 156 282 398 523 642 761 840 995 1110 1235 1347 1466 1592 1713
       1833 1936 2064 2189 2304 2506 2556 2676 2877 2929 3044 3164
       3289 3403 3523 3644 3764 3883 4002 4123 4248 4365 4485 4605
       4725 4845 4966 5088 5215 5337 5457 5574 5693 5892 5945 6061
       6186 6304 6420 6541 6658 6901 7021 7138 7258 7376 7555 $
55   74 193 314 437 555 673 730 908 1025 1143 1267 1384 1503 1624 1745
       1865 2002 2103 2221 2341 2403 2594 2714 2775 2961 3083 3200
       3321 3441 3562 3683 3801 3920 4041 4162 4280 4404 4524 4644
       4764 4884 5005 5127 5185 5306 5489 5606 5725 5788 5977 6100
       6218 6335 6457 6579 6696 6939 7058 7176 7295 7412 7516 $
56   89 208 246 452 488 609 725 923 965 1158 1202 1400 1519 1558 1675
       1799 1965 2118 2152 2356 2461 2609 2729 2833 2896 3098 3215
       3251 3456 3577 3698 3816 3935 4056 4177 4214 4419 4539 4659
       4779 4899 5020 5142 5177 5298 5420 5536 5656 5847 5909 6115
       6150 6272 6472 6594 6833 6954 7073 7191 7310 7427 7503 $
57   111 230 353 474 595 712 832 947 1065 1180 1307 1425 1544 1664
       1785 1905 1959 2140 2261 2378 2513 2631 2750 2884 2998 3119
       3237 3359 3478 3599 3720 3838 3957 4078 4199 4320 4441 4561
       4681 4801 4921 5042 5164 5286 5408 5525 5644 5763 5899 6017
       6137 6258 6375 6494 6616 6738 6855 6976 7094 7213 7332 7449 $
58   117 236 359 480 601 838 953 1071 1186 1313 1431 1550 1670 1791
       1911 1916 2146 2267 2384 2410 2636 2755 2782 3004 3125 3243
       3365 3484 3605 3726 3844 3963 4085 4205 4326 4447 4567 4687
       4807 4927 5048 5170 5292 5414 5531 5650 5769 5795 6023 6143
       6264 6381 6500 6622 6744 6861 6982 7099 7219 7338 7455 7481 $
59   34 153 279 395 520 639 758 873 992 1107 1232 1344 1463 1589 1710
       1830 1960 2061 2186 2301 2388 2553 2673 2759 2926 3041 3161
       3286 3400 3520 3641 3761 3880 3999 4120 4245 4362 4482 4602
       4722 4842 4963 5085 5212 5334 5454 5571 5772 5942 6058 6183
       6301 6417 6538 6655 6780 6898 7018 7135 7255 7373 $
60   88 207 328 451 570 688 807 922 1040 1157 1282 1399 1518 1639 1760
       1880 2117 2236 2355 2462 2608 2728 2834 2975 3097 3214 3335
       3455 3576 3697 3815 3934 4055 4176 4295 4418 4538 4658 4778
       4898 5019 5141 5261 5383 5503 5620 5739 5848 5992 6114 6233
       6350 6471 6593 6832 6953 7072 7190 7309 7426 7504 $
61   93 212 333 456 575 693 812 928 1045 1162 1287 1405 1524 1644 1765
       1885 2122 2241 2360 2518 2613 2733 2888 2980 3102 3219 3340
       3460 3581 3702 3820 3939 4060 4181 4300 4423 4543 4663 4783
       4903 5024 5146 5266 5388 5508 5625 5744 5903 5997 6119 6238
       6355 6476 6598 6717 6837 6958 7077 7195 7314 7431 $
62   15 262 375 503 622 741 975 1087 1216 1323 1441 1572 1693 1813
       2042 2168 2282 2434 2534 2653 2806 2909 3021 3142 3269 3380
       3501 3621 3742 3861 3980 4101 4227 4342 4463 4583 4703 4823
       4943 5065 5195 5318 5438 5554 5674 5819 5925 6038 6167 6285
       6398 6518 6633 6760 6878 6999 7115 7236 7354 7472 $
63   75 194 315 438 556 674 793 909 1026 1144 1268 1385 1504 1625 1746
       1866 2009 2104 2222 2342 2595 2715 2962 3084 3201 3322 3442
       3563 3684 3802 3921 4042 4163 4281 4405 4525 4645 4765 4885
       5006 5128 5247 5369 5490 5607 5726 5978 6101 6219 6336 6458
       6580 6697 6819 6940 7059 7177 7296 7413 7515 $
64   3 239 365 482 606 718 864 955 1072 1198 1554 1679 1795 1930 2026
       2158 2272 2423 2524 2643 2795 2890 3011 3132 3258 3366 3491
       3607 3732 3851 3967 4087 4208 4332 4453 4573 4693 4814 4933
       5055 5183 5304 5427 5543 5663 5808 5915 6024 6156 6266 6382
       6503 6644 6745 6863 6989 7105 7221 7456 $
65   14 133 261 374 502 621 740 854 974 1086 1215 1322 1440 1571 1692
       1812 2041 2167 2281 2533 2652 2908 3020 3141 3268 3379 3500
       3620 3741 3860 3979 4100 4226 4341 4462 4582 4702 4822 4942
       5064 5194 5317 5437 5553 5673 5924 6037 6166 6284 6397 6517
       6632 6759 6877 6998 7114 7235 7353 7473 $
66   17 135 263 377 504 623 742 856 976 1089 1217 1325 1443 1573 1694
       1814 2044 2169 2284 2536 2655 2910 3023 3144 3270 3382 3503
       3623 3744 3863 3982 4103 4228 4344 4465 4585 4705 4825 4945
       5067 5196 5319 5439 5555 5675 5926 6040 6168 6286 6400 6520
       6635 6762 6880 7001 7117 7238 7356 7470 $
67   22 140 267 382 508 627 746 843 980 1094 1221 1330 1448 1577 1698
       1818 2049 2173 2289 2541 2660 2914 3028 3149 3274 3387 3508
       3628 3749 3868 3987 4108 4232 4349 4470 4590 4710 4830 4950
       5072 5200 5323 5443 5559 5679 5930 6045 6172 6290 6405 6525
       6640 6767 6885 7006 7122 7243 7361 7466 $
68   42 161 287 403 528 647 766 879 999 1114 1240 1352 1471 1597 1718
       1838 2069 2194 2309 2561 2681 2934 3049 3168 3294 3408 3528
       3649 3769 3888 4007 4128 4253 4370 4490 4610 4730 4850 4971
       5093 5220 5342 5462 5579 5698 5950 6066 6191 6308 6425 6546
       6663 6786 6906 7026 7143 7263 7379 7546 $
69   43 162 288 404 529 648 767 880 1000 1115 1241 1353 1472 1598 1719
       1839 2070 2195 2310 2562 2682 2935 3050 3169 3295 3409 3529
       3650 3770 3889 4008 4129 4254 4371 4491 4611 4731 4851 4972
       5094 5221 5343 5463 5580 5699 5951 6067 6192 6309 6426 6547
       6664 6787 6907 7027 7144 7264 7380 7545 $
70   45 164 289 406 530 649 768 881 1001 1117 1242 1355 1474 1599 1720
       1840 2072 2196 2312 2564 2684 2936 3052 3171 3296 3411 3531
       3652 3772 3891 4010 4131 4255 4373 4493 4613 4733 4853 4974
       5096 5222 5344 5464 5581 5700 5952 6069 6193 6310 6428 6549
       6666 6789 6909 7029 7146 7266 7382 7543 $
71   47 166 291 408 532 651 770 883 1003 1119 1244 1357 1476 1601 1722
       1842 2074 2198 2314 2566 2686 2938 3054 3173 3298 3413 3533
       3654 3774 3893 4012 4133 4257 4375 4495 4615 4735 4855 4976
       5098 5224 5346 5466 5583 5702 5954 6071 6195 6312 6430 6551
       6668 6791 6911 7031 7148 7268 7384 7541 $
72   48 167 292 409 533 652 771 884 1004 1120 1245 1358 1477 1602 1723
       1843 2075 2199 2315 2567 2687 2939 3055 3174 3299 3414 3534
       3655 3775 3894 4013 4134 4258 4376 4496 4616 4736 4856 4977
       5099 5225 5347 5467 5584 5703 5955 6072 6196 6313 6431 6552
       6669 6792 6912 7032 7149 7269 7385 7540 $
73   52 171 295 413 536 655 774 888 1007 1124 1248 1362 1481 1605 1726
       1846 2079 2202 2319 2571 2691 2942 3059 3178 3302 3418 3538
       3659 3779 3898 4017 4138 4261 4380 4500 4620 4740 4860 4981
       5103 5228 5350 5470 5587 5706 5958 6076 6199 6316 6435 6556
       6673 6796 6916 7036 7153 7273 7389 7536 $
74   53 172 296 414 537 656 775 889 1008 1125 1249 1363 1482 1606 1727
       1847 2080 2203 2320 2572 2692 2943 3060 3179 3303 3419 3539
       3660 3780 3899 4018 4139 4262 4381 4501 4621 4741 4861 4982
       5104 5229 5351 5471 5588 5707 5959 6077 6200 6317 6436 6557
       6674 6797 6917 7037 7154 7274 7390 7535 $
75   62 181 304 425 545 664 783 899 1016 1136 1257 1373 1492 1614 1735
       1855 2091 2211 2329 2582 2702 2951 3071 3188 3311 3430 3550
       3671 3789 3908 4029 4150 4270 4392 4512 4632 4752 4872 4993
       5115 5237 5359 5479 5596 5715 5967 6088 6208 6325 6445 6567
       6684 6808 6927 7047 7165 7283 7400 7526 $
76   65 184 307 428 548 667 786 903 1019 1190 1260 1378 1497 1617 1738
       1858 2094 2214 2332 2585 2705 2954 3074 3191 3314 3433 3553
       3674 3792 3911 4032 4153 4273 4395 4515 4635 4755 4875 4996
       5118 5240 5362 5482 5599 5718 5970 6091 6211 6328 6448 6570
       6689 6811 6930 7050 7168 7286 7403 7521 $
77   81 200 321 444 563 681 800 916 1033 1150 1275 1392 1511 1632 1753
       1873 2110 2229 2348 2601 2721 2968 3090 3207 3328 3448 3569
       3690 3808 3927 4048 4169 4288 4411 4531 4651 4771 4891 5012
       5134 5254 5376 5496 5613 5732 5985 6107 6226 6343 6464 6586
       6704 6825 6946 7065 7183 7302 7419 7510 $
78   82 201 322 445 564 682 801 839 1034 1151 1276 1393 1512 1633 1754
       1874 2111 2230 2349 2602 2722 2969 3091 3208 3329 3449 3570
       3691 3809 3928 4049 4170 4289 4412 4532 4652 4772 4892 5013
       5135 5255 5377 5497 5614 5733 5986 6108 6227 6344 6465 6587
       6705 6826 6947 7066 7184 7303 7420 7561 $
79   94 213 334 457 576 694 813 929 1046 1163 1288 1406 1525 1645 1766
       1886 2123 2242 2361 2614 2734 2981 3103 3220 3341 3461 3582
       3703 3821 3940 4061 4182 4301 4424 4544 4664 4784 4904 5025
       5147 5267 5389 5509 5626 5745 5998 6120 6239 6356 6477 6599
       6718 6838 6959 7078 7196 7315 7432 7488 $
80   96 215 336 459 578 696 815 931 1048 1165 1290 1408 1527 1647 1768
       1888 2125 2244 2363 2616 2736 2983 3105 3222 3343 3463 3584
       3705 3823 3942 4063 4184 4303 4426 4546 4666 4786 4906 5027
       5149 5269 5391 5511 5628 5747 6000 6122 6241 6358 6479 6601
       6720 6840 6961 7080 7198 7317 7434 7490 $
81   98 217 338 461 580 698 817 933 1050 1167 1292 1410 1529 1649 1770
       1890 2127 2246 2365 2618 2738 2985 3107 3224 3345 3465 3586
       3707 3825 3944 4065 4186 4305 4428 4548 4668 4788 4908 5029
       5151 5271 5393 5513 5630 5749 6002 6124 6243 6360 6481 6603
       6722 6842 6963 7082 7200 7319 7436 7491 $
82   112 231 354 475 596 713 833 1066 1181 1308 1426 1545 1665 1786
       1906 2141 2262 2379 2632 2751 2999 3120 3238 3360 3479 3600
       3721 3839 3958 4080 4200 4321 4442 4562 4682 4802 4922 5043
       5165 5287 5409 5526 5645 5764 6018 6138 6259 6376 6495 6617
       6739 6856 6977 7095 7214 7333 7450 7486 7487 $
83   0 121 329 363 571 689 808 924 1041 1074 1283 1401 1520 1640 1761
       1881 2029 2237 2270 2522 2641 2976 3008 3129 3336 3368 3489
       3609 3730 3849 3970 4089 4296 4330 4451 4571 4691 4812 4931
       5053 5262 5384 5504 5621 5740 5993 6026 6234 6351 6385 6505
       6713 6747 6865 6987 7103 7223 7343 $
84   1 122 253 361 489 602 732 902 963 1076 1194 1377 1496 1563 1684
       1804 2031 2268 2520 2639 2897 3006 3127 3250 3370 3487 3611
       3728 3847 3969 4091 4215 4328 4449 4569 4689 4810 4929 5051
       5176 5297 5419 5535 5655 5908 6028 6149 6273 6387 6507 6688
       6749 6867 6985 7101 7225 7341 7522 $
85   2 123 244 364 486 605 723 842 962 1073 1197 1376 1495 1553 1680
       1794 2028 2154 2271 2523 2642 2894 3009 3130 3253 3367 3490
       3608 3731 3850 3968 4088 4212 4331 4452 4572 4692 4813 4932
       5054 5179 5300 5422 5538 5658 5911 6025 6152 6270 6384 6504
       6687 6746 6864 6988 7104 7222 7344 $
86   8 127 255 368 496 615 734 849 968 1080 1209 1317 1434 1565 1686
       1806 2035 2161 2275 2527 2646 2902 3014 3135 3262 3373 3494
       3614 3735 3854 3973 4094 4220 4335 4456 4576 4696 4817 4936
       5058 5188 5311 5431 5547 5667 5918 6031 6160 6278 6391 6511
       6626 6753 6871 6992 7108 7229 7347 $
87   39 158 284 400 525 644 763 876 997 1112 1237 1349 1468 1594 1715
       1835 2066 2191 2306 2558 2678 2931 3046 3166 3291 3405 3525
       3646 3766 3885 4004 4125 4250 4367 4487 4607 4727 4847 4968
       5090 5217 5339 5459 5576 5695 5947 6063 6188 6306 6422 6543
       6660 6783 6903 7023 7140 7260 7549 $
88   44 163 248 405 491 608 727 958 1116 1200 1354 1473 1556 1677 1797
       2071 2150 2311 2563 2683 2899 3051 3170 3248 3410 3530 3651
       3771 3890 4009 4130 4217 4372 4492 4612 4732 4852 4973 5095
       5174 5295 5417 5533 5653 5906 6068 6147 6274 6427 6548 6665
       6788 6908 7028 7145 7265 7381 7544 $
89   54 173 297 415 538 657 776 890 1009 1126 1250 1364 1483 1607 1728
       1848 2081 2204 2321 2573 2693 2944 3061 3180 3304 3420 3540
       3661 3781 3900 4019 4140 4263 4382 4502 4622 4742 4862 4983
       5105 5230 5352 5472 5589 5708 5960 6078 6201 6318 6437 6558
       6675 6798 6918 7038 7155 7275 7391 $
90   66 185 308 429 549 668 787 904 1020 1191 1261 1379 1498 1618 1739
       1859 2095 2215 2333 2586 2706 2955 3075 3192 3315 3434 3554
       3675 3793 3912 4033 4154 4274 4396 4516 4636 4756 4876 4997
       5119 5241 5363 5483 5600 5719 5971 6092 6212 6329 6449 6571
       6690 6931 7051 7169 7287 7404 7520 $
91   69 188 311 432 552 790 905 1022 1138 1264 1381 1500 1621 1742
       1862 2098 2218 2336 2589 2709 2958 3078 3195 3318 3437 3557
       3678 3796 3915 4036 4157 4277 4399 4519 4639 4759 4879 5000
       5122 5244 5366 5486 5603 5722 5974 6095 6215 6332 6452 6574
       6693 6814 6934 7054 7172 7290 7407 7518 $
92   71 190 312 434 553 671 791 906 1023 1140 1265 1382 1501 1622 1743
       1863 2100 2219 2338 2591 2711 2959 3080 3197 3319 3438 3559
       3680 3798 3917 4038 4159 4278 4401 4521 4641 4761 4881 5002
       5124 5245 5367 5487 5604 5723 5975 6097 6216 6333 6454 6576
       6694 6816 6936 7055 7173 7292 7409 $
93   72 191 313 435 554 672 792 907 1024 1141 1266 1383 1502 1623 1744
       1864 2101 2220 2339 2592 2712 2960 3081 3198 3320 3439 3560
       3681 3799 3918 4039 4160 4279 4402 4522 4642 4762 4882 5003
       5125 5246 5368 5488 5605 5724 5976 6098 6217 6334 6455 6577
       6695 6817 6937 7056 7174 7293 7410 $
94   77 196 251 440 558 676 795 911 1028 1146 1270 1387 1506 1627 1748
       1868 2106 2224 2344 2597 2717 2964 3086 3203 3324 3444 3565
       3686 3804 3923 4044 4165 4283 4407 4527 4647 4767 4887 5008
       5130 5249 5371 5492 5609 5728 5980 6103 6221 6338 6460 6582
       6699 6821 6942 7061 7179 7298 7415 $
95   97 216 337 460 579 697 816 932 1049 1166 1291 1409 1528 1648 1769
       1889 2126 2245 2364 2617 2737 2984 3106 3223 3344 3464 3585
       3706 3824 3943 4064 4185 4304 4427 4547 4667 4787 4907 5028
       5150 5270 5392 5512 5629 5748 6001 6123 6242 6359 6480 6602
       6721 6841 6962 7081 7199 7318 7435 $
96   99 218 339 462 581 699 818 934 1051 1168 1293 1411 1530 1650 1771
       1891 2128 2247 2366 2619 2739 2986 3108 3225 3346 3466 3587
       3708 3826 3945 4066 4187 4306 4429 4549 4669 4789 4909 5030
       5152 5272 5394 5514 5631 5750 6003 6125 6244 6361 6482 6604
       6723 6843 6964 7083 7201 7320 7437 $
97   102 221 344 465 586 704 823 841 1056 1171 1298 1415 1534 1655
       1776 1896 2131 2252 2369 2622 2742 2990 3111 3228 3351 3469
       3590 3711 3829 3948 4069 4190 4311 4432 4552 4672 4792 4912
       5033 5155 5277 5399 5517 5636 5755 6008 6128 6249 6366 6485
       6607 6728 6846 6967 7086 7204 7323 7440 $
98   103 222 245 466 487 724 938 966 1172 1203 1416 1535 1559 1674
       1800 2132 2153 2370 2623 2743 2895 3112 3229 3252 3470 3591
       3712 3830 3949 4070 4191 4213 4433 4553 4673 4793 4913 5034
       5156 5178 5299 5421 5537 5657 5910 6129 6151 6271 6486 6608
       6729 6847 6968 7087 7205 7324 7441 7494 $
99   110 229 352 473 594 711 831 946 1064 1179 1306 1424 1543 1663
       1784 1904 2139 2260 2377 2630 2749 2997 3118 3236 3358 3477
       3598 3719 3837 3956 4077 4198 4319 4440 4560 4680 4800 4920
       5041 5163 5285 5407 5524 5643 5762 6016 6136 6257 6374 6493
       6615 6737 6854 6975 7093 7212 7331 7448 $
100  4 120 341 362 583 701 820 935 1053 1075 1295 1412 1531 1652 1773
       1893 2030 2249 2269 2521 2640 2987 3007 3128 3348 3369 3488
       3610 3729 3848 3966 4090 4308 4329 4450 4570 4690 4811 4930
       5052 5274 5396 5633 5752 6005 6027 6246 6363 6386 6506 6725
       6748 6866 6986 7102 7224 7342 $
101  9 128 256 369 497 616 735 850 969 1081 1210 1318 1435 1566 1687
       1807 2036 2162 2276 2528 2647 2903 3015 3136 3263 3374 3495
       3615 3736 3855 3974 4095 4221 4336 4457 4577 4697 4937 5059
       5189 5312 5432 5548 5668 5919 6032 6161 6279 6392 6512 6627
       6754 6872 6993 7109 7230 7348 $
102  30 149 243 391 485 607 722 869 957 1103 1199 1340 1459 1555 1678
       1796 2057 2155 2297 2549 2669 2893 3037 3157 3254 3396 3516
       3637 3757 3876 3995 4116 4211 4358 4478 4598 4718 4838 4959
       5081 5180 5301 5423 5539 5659 5912 6054 6153 6269 6413 6534
       6776 6894 7014 7131 7251 7369 $
103  36 155 281 397 522 641 760 874 994 1109 1234 1346 1465 1591 1712
       1832 2063 2188 2303 2555 2675 2928 3043 3163 3288 3402 3522
       3643 3763 3882 4001 4122 4247 4364 4484 4604 4724 4844 4965
       5087 5214 5336 5456 5573 5692 5944 6060 6185 6303 6419 6540
       6657 6900 7020 7137 7257 7375 $
104  41 160 286 402 527 646 765 878 998 1188 1239 1351 1470 1596 1717
       1837 2068 2193 2308 2560 2680 2933 3048 3293 3407 3527 3648
       3768 3887 4006 4127 4252 4369 4489 4609 4729 4849 4970 5092
       5219 5341 5461 5578 5697 5949 6065 6190 6307 6424 6545 6662
       6785 6905 7025 7142 7262 7378 $
105  100 219 342 463 584 702 821 936 1054 1169 1296 1413 1532 1653
       1774 1894 2129 2250 2367 2620 2740 2988 3109 3226 3349 3467
       3588 3709 3827 3946 4067 4188 4309 4430 4550 4670 4790 4910
       5031 5153 5275 5397 5634 5753 6006 6126 6247 6364 6483 6605
       6726 6844 6965 7084 7202 7321 7438 $
106  40 159 285 401 526 645 764 877 1113 1238 1350 1469 1595 1716 1836
       2067 2192 2307 2559 2679 2932 3047 3167 3292 3406 3526 3647
       3767 3886 4005 4126 4251 4368 4488 4608 4728 4848 4969 5091
       5218 5340 5460 5577 5696 5948 6064 6189 6423 6544 6661 6784
       6904 7024 7141 7261 7548 $
107  61 180 250 424 493 729 898 961 1135 1201 1372 1491 1557 1676 1798
       1997 2090 2148 2474 2581 2701 2846 3070 3187 3247 3429 3549
       3670 3788 4028 4149 4218 4391 4511 4631 4751 4871 4992 5114
       5172 5293 5415 5532 5651 5860 5904 6087 6145 6275 6566 6683
       6807 6926 7046 7164 7527 $
108  67 186 309 430 550 669 788 1192 1262 1380 1499 1619 1740 1860
       2096 2216 2334 2587 2707 2956 3076 3193 3316 3435 3555 3676
       3794 3913 4034 4155 4275 4397 4517 4637 4757 4877 4998 5120
       5242 5364 5484 5601 5720 5972 6093 6213 6330 6450 6572 6691
       6812 6932 7052 7170 7288 7405 $
109  114 233 356 477 598 715 835 950 1068 1183 1310 1428 1547 1667
       1788 1908 2143 2264 2381 3001 3122 3240 3362 3481 3602 3723
       3841 3960 4082 4202 4323 4444 4564 4684 4804 4924 5045 5167
       5289 5411 5528 5647 5766 6020 6140 6261 6378 6497 6619 6741
       6858 6979 7216 7335 7452 7484 $
110  68 187 310 431 551 670 789 1021 1193 1263 1620 1741 1861 2097
       2217 2335 2588 2708 2957 3077 3194 3317 3436 3556 3677 3795
       3914 4035 4156 4276 4398 4518 4638 4758 4878 4999 5121 5243
       5365 5485 5602 5721 5973 6094 6214 6331 6451 6573 6692 6813
       6933 7053 7171 7289 7406 $
111  108 227 350 471 592 829 944 1062 1177 1304 1422 1541 1661 1782
       1902 2137 2258 2375 2628 2995 3234 3356 3475 3596 3717 3835
       3954 4075 4196 4317 4438 4558 4678 4798 4918 5039 5161 5283
       5405 5522 5641 5760 6014 6134 6255 6372 6491 6613 6735 6852
       6973 7210 7329 7446 7560 $
112  73 192 242 436 484 603 721 964 1142 1195 1551 1682 1792 2102 2156
       2340 2593 2713 2892 3082 3199 3255 3440 3561 3682 3800 3919
       4040 4161 4210 4403 4523 4643 4763 4883 5004 5126 5181 5302
       5424 5540 5660 5913 6099 6154 6268 6456 6578 6818 6938 7057
       7175 7294 7411 $
113  119 238 271 512 631 750 984 1187 1225 1452 1581 1702 1822 2147
       2177 2637 2756 2918 3126 3244 3278 3485 3606 3727 3845 3964
       4086 4206 4236 4448 4568 4688 4808 4928 5049 5171 5204 5327
       5447 5563 5683 5934 6144 6176 6294 6501 6623 6862 6983 7100
       7220 7339 7457 7462 $
114  302 422 543 662 781 896 1014 1133 1255 1370 1489 1612 1733 1853
       1967 2088 2209 2327 2464 2836 2949 3068 3245 3309 3427 3547
       3668 3906 4026 4147 4268 4389 4509 4629 4869 4990 5112 5235
       5357 5477 5594 5713 5850 5965 6085 6206 6323 6443 6681 6805
       7162 7398 7529 $
115  21 139 252 381 494 731 860 1093 1329 1447 1683 2048 2288 2540
       2659 2900 3027 3148 3386 3507 3627 3748 3867 3986 4107 4348
       4469 4589 4709 4829 4949 5071 5186 6044 6404 6524 6639 6766
       6884 7005 7121 7242 7360 7467 $
116  16 118 134 376 613 1088 1324 1442 1939 2043 2283 2433 2535 2654
       2805 3022 3143 3381 3502 3622 3743 3862 3981 4102 4343 4464
       4584 4704 4824 4944 5066 5818 6039 6399 6519 6634 6761 6879
       7000 7116 7237 7355 7471 $
117  55 174 416 1127 1365 1484 1991 2082 2322 2480 2574 2694 2852 3062
       3181 3421 3541 3662 3782 3901 4020 4141 4383 4503 4623 4743
       4863 4984 5106 5866 6079 6438 6559 6676 6799 6919 7039 7156
       7276 7392 7534 $
118  5 124 249 360 492 611 728 845 956 1077 1205 1338 1456 1561 1672
       1802 2032 2149 2519 2638 3005 3486 4327 4809 5050 5173 5294
       5416 5652 5905 6146 6388 6508 6750 6868 6984 7226 7559 $
119  70 189 433 1139 1968 2099 2337 2441 2590 2710 2813 3079 3196 3558
       3679 3797 3916 4037 4158 4400 4520 4640 4760 4880 5001 5123
       5827 6096 6453 6575 6815 6935 7291 7408 $
120  317 559 677 796 912 1029 1271 1388 1507 1628 1749 1869 2014 2225
       2385 3246 3259 3965 4284 5250 5372 5428 5544 5664 5981 6222
       6339 6502 6700 7340 7458 $
121  421 895 1132 2087 2579 2699 3067 3426 3546 3667 4025 4146 4388
       4508 4628 4748 4868 4989 5111 5308 5309 6084 6564 6804 6924
       7044 7161 7281 7397 $
122  240 481 610 719 844 960 1204 1560 1673 1801 2027 2159 2889 3010
       3131 3257 4207 5184 5305 5426 5542 5662 5916 6157 6265 6383 $
123  348 590 708 827 942 1060 1302 1420 1539 1659 1780 1900 2256 3260
       4315 5281 5403 5429 5545 5665 6012 6253 6370 6733 $
124  340 582 700 819 1052 1294 1651 1772 1892 2248 3347 4307 5273 5395
       5515 5632 5751 6004 6245 6362 6724 $
125  2387 2391 2504 2758 2762 2875 5771 5775 5890 $
126  2445 2510 2511 2817 2881 2882 5831 5896 5897 $
127  1946 1972 2398 2450 2770 2822 5783 5836 $
128  1925 2471 2472 2843 2844 5857 5858 $
129  1953 2500 2507 2871 2878 5886 5893 $
130  1962 2016 2019 2512 2883 5898 $
131  2446 2505 2818 2876 5832 5891 $
132  1926 1998 2473 2845 5859 $
133  390 5080 6775 7130 $
134  1915 2411 2783 5796 $
135  1917 2407 2779 5792 $
136  1919 2405 2777 5790 $
137  1927 2420 2792 5805 $
138  1931 2424 2796 5809 $
139  1938 2435 2807 5820 $
140  1940 2432 2804 5817 $
141  1943 2429 2801 5814 $
142  1947 2418 2790 5803 $
143  1950 2404 2776 5789 $
144  1952 2442 2814 5828 $
145  1961 2392 2763 5776 $
146  1970 2448 2820 5834 $
147  1971 2408 2780 5793 $
148  1974 2764 5777 7524 $
149  1978 2395 2767 5780 $
150  1982 2493 2865 5879 $
151  1984 2491 2863 5877 $
152  1985 2490 2862 5876 $
153  1989 2482 2854 5868 $
154  1990 2481 2853 5867 $
155  2000 2438 2810 5823 $
156  2006 2451 2823 5837 $
157  2022 2416 2788 5801 $
158  1981 2494 5880 $
159  2386 2757 5770 $
160  2397 2769 5782 $
161  2399 2771 5784 $
162  2409 2781 5794 $
163  2419 2791 5804 $
164  2439 2811 5825 $
165  2440 2812 5826 $
166  2444 2816 5830 $
167  2447 2819 5833 $
168  2449 2821 5835 $
169  2467 2839 5853 $
170  2483 2855 5869 $
171  2486 2858 5872 $
172  2487 2859 5873 $
173  2488 2860 5874 $
174  2495 2866 5881 $
175  2496 2867 5882 $
176  2497 2868 5883 $
177  2498 2869 5884 $
178  2499 2870 5885 $
179  2508 2879 5894 $
180  2515 2886 5901 $
181  237 855 $
182  1457 6649 $
183  1921 1935 $
184  2182 4241 $
185  7517 7519 $
186  148 $
187  948 $
188  1102 $
189  1334 $
190  1914 $
191  1920 $
192  1948 $
193  1958 $
194  1963 $
195  1964 $
196  1973 $
197  1980 $
198  1999 $
199  2001 $
200  2668 $
201  3036 $
202  3395 $
203  3636 $
204  3846 $
205  4079 $
206  4357 $
207  4749 $
208  4958 $
209  5824 $
210  6053 $
211  6533 $
212  6648 $
213  6651 $
214  6711 $
215  6712 $
216  6893 $
217  7474 $
218  7492 $
219  7547 $
220  7550 $
221  7558 $
)
