# cline: mcl ./orthofinder/Results_Sep02/WorkingDirectory/OrthoFinder_graph.txt "-I" "1.5" "-o" "./orthofinder/Results_Sep02/WorkingDirectory/clusters_OrthoFinder_I1.5.txt" "-te" "6" "-V" "all"
(mclheader
mcltype matrix
dimensions 5430x936
)
(mclmatrix
begin
0    78 151 236 413 497 613 727 852 1116 1151 1243 1449 1515 1728 1862
       2028 2029 2229 2348 2473 2592 2711 2826 2950 3065 3182 3406
       3460 3592 3706 3824 3943 4035 4157 4274 4391 4505 4622 4736
       4873 4991 5108 5223 5338 $
1    34 223 452 486 602 715 936 1146 1232 1329 1505 1717 1935 2040
       2215 2333 2462 2581 2700 2814 2938 3053 3195 3282 3395 3473
       3581 3693 3812 3932 4082 4146 4264 4381 4494 4611 4749 4862
       4981 5098 5211 5323 $
2    46 216 399 481 596 709 877 1047 1226 1403 1500 1695 1700 1843
       2190 2208 2326 2456 2575 2694 2807 2932 3046 3201 3383 3479
       3575 3686 3805 3926 4078 4140 4258 4375 4488 4605 4755 4856
       4975 5092 5204 5316 $
3    164 235 407 496 612 726 851 988 1162 1242 1390 1514 1734 1995
       2059 2228 2347 2472 2591 2710 2825 2949 3064 3281 3388 3558
       3591 3705 3823 3942 4119 4156 4273 4390 4504 4621 4836 4872
       4990 5107 5222 5337 $
4    175 313 464 568 684 799 931 1003 1140 1314 1437 1587 1704 1878
       2102 2308 2427 2546 2665 2784 2903 3023 3140 3221 3391 3499
       3662 3783 3898 4014 4116 4229 4346 4460 4576 4693 4776 4946
       5064 5180 5298 5419 $
5    5 269 376 525 641 756 927 1203 1270 1415 1542 1691 1951 2176 2261
       2380 2501 2620 2739 2859 2978 3096 3158 3332 3436 3620 3739
       3854 3971 4036 4185 4302 4419 4533 4650 4712 4901 5019 5135
       5254 5370 $
6    10 229 432 492 608 721 809 989 1238 1377 1511 1714 1948 2139 2222
       2340 2468 2587 2706 2820 2944 3059 3187 3410 3465 3587 3699
       3818 3938 4085 4152 4270 4387 4500 4617 4741 4868 4987 5104
       5217 5330 $
7    22 262 371 520 636 749 875 1005 1265 1383 1538 1641 1891 2062
       2255 2374 2496 2615 2734 2852 2973 3091 3242 3290 3520 3615
       3732 3849 3966 4047 4180 4297 4414 4528 4645 4797 4896 5014
       5130 5249 5364 $
8    25 321 437 575 692 806 947 1096 1322 1397 1595 1653 1950 2149
       2316 2435 2554 2673 2792 2911 3031 3148 3222 3352 3500 3670
       3790 3906 4022 4041 4237 4354 4468 4584 4701 4777 4954 5072
       5188 5306 5427 $
9    45 322 358 576 693 807 866 1139 1323 1418 1596 1688 1883 2038
       2317 2436 2555 2674 2793 2912 3032 3149 3154 3329 3431 3671
       3791 3907 4023 4046 4238 4355 4469 4585 4702 4707 4955 5073
       5189 5307 5428 $
10   62 239 382 500 616 700 967 1061 1246 1446 1518 1637 1987 2064
       2232 2351 2476 2595 2714 2829 2953 3068 3268 3318 3545 3595
       3709 3827 3946 4111 4160 4277 4394 4508 4625 4823 4876 4994
       5111 5226 5341 $
11   80 307 370 563 678 793 811 1099 1308 1349 1581 1692 1801 2144
       2301 2420 2540 2659 2778 2897 3017 3134 3217 3334 3495 3657
       3777 3892 4009 4048 4223 4340 4455 4571 4688 4772 4940 5058
       5174 5292 5412 $
12   124 215 387 480 595 708 881 1130 1225 1367 1499 1648 1890 2179
       2207 2325 2455 2574 2693 2806 2931 3045 3202 3306 3480 3574
       3685 3804 3925 4115 4139 4257 4374 4487 4604 4756 4855 4974
       5091 5203 5315 $
13   136 289 408 543 659 773 972 1183 1288 1336 1561 1672 1940 2133
       2281 2400 2520 2639 2758 2879 2997 3116 3234 3379 3512 3638
       3759 3874 3989 4118 4203 4320 4437 4551 4668 4789 4920 5038
       5154 5274 5391 $
14   148 293 339 547 662 777 900 1159 1292 1376 1565 1658 1798 2200
       2285 2404 2524 2643 2762 2883 3001 3120 3228 3310 3506 3642
       3763 3878 3993 4027 4207 4324 4441 4555 4672 4783 4924 5042
       5158 5278 5395 $
15   155 237 396 498 614 728 889 1019 1244 1370 1516 1654 1936 2117
       2230 2349 2474 2593 2712 2827 2951 3066 3267 3350 3544 3593
       3707 3825 3944 4107 4158 4275 4392 4506 4623 4822 4874 4992
       5109 5224 5339 $
16   157 213 377 478 593 707 906 1029 1223 1447 1497 1674 1844 2143
       2202 2323 2453 2572 2691 2804 2929 3043 3161 3371 3439 3572
       3683 3802 3923 4063 4137 4255 4372 4485 4602 4715 4853 4972
       5089 5201 5313 $
17   188 241 388 502 618 703 984 1199 1248 1347 1520 1646 1942 2098
       2234 2353 2478 2597 2716 2831 2955 3070 3271 3296 3548 3597
       3711 3829 3948 4025 4162 4279 4396 4510 4627 4826 4878 4996
       5113 5228 5343 $
18   61 290 395 544 660 774 903 1067 1289 1369 1562 1723 2075 2282
       2401 2521 2640 2759 2880 2998 3117 3233 3404 3511 3639 3760
       3875 3990 4106 4204 4321 4438 4552 4669 4788 4921 5039 5155
       5275 5392 $
19   128 297 422 551 666 782 894 1207 1296 1448 1569 1652 2181 2290
       2409 2528 2647 2766 2887 3005 3124 3224 3353 3502 3646 3767
       3882 3997 4039 4211 4328 4445 4559 4676 4779 4928 5046 5162
       5282 5400 $
20   167 232 365 495 611 724 870 1049 1241 1417 1513 1649 1897 2226
       2345 2471 2590 2709 2823 2947 3062 3208 3307 3486 3590 3702
       3821 3941 4091 4155 4272 4389 4503 4620 4763 4871 4989 5106
       5220 5335 $
21   79 312 392 682 797 888 1013 1312 1366 1585 1732 2119 2306 2425
       2544 2663 2782 2902 3021 3139 3220 3386 3498 3661 3782 3897
       4013 4053 4227 4344 4459 4575 4692 4775 4944 5062 5178 5297
       5417 $
22   153 250 385 510 626 738 825 1021 1255 1528 1686 1865 2243 2362
       2486 2605 2724 2840 2963 3079 3257 3359 3535 3605 3720 3837
       3956 4113 4170 4287 4404 4518 4635 4812 4886 5004 5120 5237
       5352 $
23   131 280 374 533 764 833 1109 1278 1395 1551 1601 1789 2039 2271
       2390 2510 2629 2748 2870 2987 3107 3168 3424 3446 3629 3750
       3865 3980 4067 4428 4542 4659 4722 4910 5028 5144 5265 5381 $
24   281 534 650 765 1279 1552 2272 2391 2511 2630 2749 2871 2988 3108
       3156 3269 3277 3433 3546 3554 3630 3751 3866 3981 4194 4311
       4429 4543 4660 4709 4824 4832 4911 5029 5145 5266 5382 $
25   50 270 526 642 757 855 1143 1271 1416 1543 2262 2381 2502 2621
       2740 2860 2979 3097 3171 3449 3621 3740 3855 3972 4186 4303
       4420 4534 4651 4725 4902 5020 5136 5255 5371 $
26   291 345 545 661 775 1290 1563 1612 2283 2402 2522 2641 2760 2881
       2999 3118 3231 3320 3509 3640 3761 3876 3991 4074 4205 4322
       4439 4553 4670 4786 4922 5040 5156 5276 5393 $
27   310 383 565 680 795 1310 1583 1716 2304 2423 2542 2661 2780 2900
       3019 3137 3218 3408 3496 3659 3780 3895 4011 4110 4225 4342
       4457 4573 4690 4773 4942 5060 5176 5295 5415 $
28   214 479 594 1224 1498 1598 2324 2454 2573 2692 2805 2930 3044
       3273 3279 3427 3550 3556 3573 3684 3803 3924 4138 4256 4373
       4486 4603 4828 4834 4854 4973 5090 5202 5314 $
29   253 513 629 741 1258 1531 1693 2246 2365 2489 2608 2727 2843 2966
       3082 3254 3337 3532 3608 3723 3840 3959 4109 4173 4290 4407
       4521 4638 4809 4889 5007 5123 5240 5355 $
30   209 327 467 581 704 1211 1485 2203 2319 2441 2560 2679 2800 2917
       3039 3177 3455 3560 3679 3798 3911 4125 4243 4360 4473 4590
       4731 4841 4960 5077 5197 5309 $
31   221 484 600 713 1230 1503 2213 2331 2460 2579 2698 2812 2936 3051
       3196 3474 3579 3691 3810 3930 4144 4262 4379 4492 4609 4750
       4860 4979 5096 5209 5321 $
32   222 485 601 714 1231 1504 2214 2332 2461 2580 2699 2813 2937 3052
       3155 3432 3580 3692 3811 3931 4145 4263 4380 4493 4610 4708
       4861 4980 5097 5210 5322 $
33   226 488 604 717 1234 1507 2218 2336 2464 2583 2702 2817 2940 3056
       3192 3470 3583 3696 3815 3934 4148 4266 4383 4496 4613 4746
       4864 4983 5100 5214 5326 $
34   227 489 605 718 1235 1508 2219 2337 2465 2584 2703 2818 2941 3057
       3191 3469 3584 3697 3816 3935 4149 4267 4384 4497 4614 4745
       4865 4984 5101 5215 5327 $
35   228 490 606 719 1236 1509 2220 2338 2466 2585 2704 2819 2942 3058
       3190 3468 3585 3698 3817 3936 4150 4268 4385 4498 4615 4744
       4866 4985 5102 5216 5328 $
36   230 493 609 722 1239 1512 2223 2341 2469 2588 2707 2821 2945 3060
       3186 3464 3588 3700 3819 3939 4153 4271 4388 4501 4618 4740
       4869 4988 5105 5218 5331 $
37   238 499 615 729 1245 1517 2231 2350 2475 2594 2713 2828 2952 3067
       3153 3430 3594 3708 3826 3945 4159 4276 4393 4507 4624 4706
       4875 4993 5110 5225 5340 $
38   242 503 619 731 1249 1521 2235 2354 2479 2598 2717 2832 2956 3071
       3266 3543 3598 3712 3830 3949 4163 4280 4397 4511 4628 4821
       4879 4997 5114 5229 5344 $
39   254 472 587 742 1217 1491 2247 2366 2447 2566 2685 2844 2923 3083
       3250 3528 3566 3724 3841 3917 4131 4249 4366 4479 4596 4805
       4847 4966 5083 5241 5356 $
40   255 514 630 743 1259 1532 2248 2367 2490 2609 2728 2845 2967 3084
       3249 3527 3609 3725 3842 3960 4174 4291 4408 4522 4639 4804
       4890 5008 5124 5242 5357 $
41   260 518 634 747 1263 1536 2253 2372 2494 2613 2732 2850 2971 3089
       3244 3522 3613 3730 3847 3964 4178 4295 4412 4526 4643 4799
       4894 5012 5128 5247 5362 $
42   261 519 635 748 1264 1537 2254 2373 2495 2614 2733 2851 2972 3090
       3243 3521 3614 3731 3848 3965 4179 4296 4413 4527 4644 4798
       4895 5013 5129 5248 5363 $
43   266 523 639 753 1268 1540 2258 2377 2499 2618 2737 2856 2976 3094
       3240 3518 3618 3736 3851 3969 4183 4300 4417 4531 4648 4795
       4899 5017 5133 5252 5367 $
44   282 535 651 766 1280 1553 2273 2392 2512 2631 2750 2872 2989 3109
       3167 3445 3631 3752 3867 3982 4195 4312 4430 4544 4661 4721
       4912 5030 5146 5267 5383 $
45   284 538 654 769 1283 1556 2276 2395 2515 2634 2753 2874 2992 3111
       3166 3444 3633 3754 3869 3984 4198 4315 4432 4546 4663 4720
       4915 5033 5149 5269 5386 $
46   285 539 655 770 1284 1557 2277 2396 2516 2635 2754 2875 2993 3112
       3165 3443 3634 3755 3870 3985 4199 4316 4433 4547 4664 4719
       4916 5034 5150 5270 5387 $
47   286 540 656 771 1285 1558 2278 2397 2517 2636 2755 2876 2994 3113
       3274 3551 3635 3756 3871 3986 4200 4317 4434 4548 4665 4829
       4917 5035 5151 5271 5388 $
48   296 550 665 781 1295 1568 2289 2408 2527 2646 2765 2886 3004 3123
       3225 3503 3645 3766 3881 3996 4210 4327 4444 4558 4675 4780
       4927 5045 5161 5281 5399 $
49   298 552 667 783 1297 1570 2291 2410 2529 2648 2767 2888 3006 3125
       3179 3457 3647 3768 3883 3998 4212 4329 4446 4560 4677 4733
       4929 5047 5163 5283 5401 $
50   299 553 668 784 1298 1571 2292 2411 2530 2649 2768 2889 3007 3126
       3283 3559 3648 3769 3884 3999 4213 4330 4447 4561 4678 4837
       4930 5048 5164 5284 5402 $
51   301 555 670 786 1300 1573 2294 2413 2532 2651 2770 2891 3009 3128
       3180 3458 3650 3771 3886 4001 4215 4332 4449 4563 4680 4734
       4932 5050 5166 5286 5404 $
52   311 566 681 796 1311 1584 2305 2424 2543 2662 2781 2901 3020 3138
       3219 3497 3660 3781 3896 4012 4226 4343 4458 4574 4691 4774
       4943 5061 5177 5296 5416 $
53   315 569 686 801 1316 1589 2310 2429 2548 2667 2786 2905 3025 3142
       3223 3501 3664 3784 3900 4016 4231 4348 4462 4578 4695 4778
       4948 5066 5182 5300 5421 $
54   317 571 688 803 1318 1591 2312 2431 2550 2669 2788 2907 3027 3144
       3278 3555 3666 3786 3902 4018 4233 4350 4464 4580 4697 4833
       4950 5068 5184 5302 5423 $
55   319 573 690 804 1320 1593 2314 2433 2552 2671 2790 2909 3029 3146
       3235 3513 3668 3788 3904 4020 4235 4352 4466 4582 4699 4790
       4952 5070 5186 5304 5425 $
56   323 577 694 808 1324 1597 2318 2437 2556 2675 2794 2913 3033 3150
       3175 3453 3672 3792 3908 4024 4239 4356 4470 4586 4703 4729
       4956 5074 5190 5308 5429 $
57   210 475 590 1220 1494 2204 2320 2450 2569 2688 2801 2926 3040
       3178 3456 3569 3680 3799 3920 4134 4252 4369 4482 4599 4732
       4850 4969 5086 5198 5310 $
58   218 483 598 1228 1502 2210 2328 2458 2577 2696 2809 2934 3048
       3199 3477 3577 3688 3807 3928 4142 4260 4377 4490 4607 4753
       4858 4977 5094 5206 5318 $
59   263 521 637 750 1266 2256 2375 2497 2616 2735 2853 2974 3092 3241
       3519 3616 3733 3850 3967 4181 4298 4415 4529 4646 4796 4897
       5015 5131 5250 5365 $
60   265 522 638 752 1267 1539 2257 2376 2498 2617 2736 2855 2975 3093
       3229 3507 3617 3735 3968 4182 4299 4416 4530 4647 4784 4898
       5016 5132 5251 5366 $
61   292 546 776 1291 1564 2284 2403 2523 2642 2761 2882 3000 3119
       3230 3508 3641 3762 3877 3992 4206 4323 4440 4554 4671 4785
       4923 5041 5157 5277 5394 $
62   294 548 663 778 1293 1566 2286 2405 2525 2644 2763 2884 3002 3121
       3227 3505 3643 3764 3879 3994 4208 4325 4442 4556 4673 4782
       4925 5043 5159 5279 $
63   295 468 582 779 1212 1486 2287 2406 2442 2561 2680 2885 2918 3122
       3226 3504 3561 3765 3880 3912 4126 4244 4361 4474 4591 4781
       4842 4961 5078 5280 $
64   4 6 64 65 93 94 108 172 848 865 916 926 952 979 981 1022 1084
       1090 1117 1145 1170 1192 1194 1408 1463 2126 2127 2129 2141 $
65   208 473 589 720 1218 1492 2449 2568 2687 2799 2924 3038 3188 3466
       3567 3678 3797 3919 4132 4250 4368 4481 4598 4742 4848 4967
       5084 5196 5329 $
66   300 554 669 785 1299 1572 2158 2293 2412 2531 2650 2769 2890 3008
       3127 3649 3770 3885 4000 4214 4331 4448 4562 4679 4931 5049
       5165 5285 5403 $
67   206 549 664 780 1294 1567 2288 2407 2526 2645 2764 2797 3003 3036
       3644 3676 3795 3995 4209 4326 4443 4557 4674 4926 5044 5160
       5194 5398 $
68   207 469 584 698 1214 1488 2263 2382 2444 2563 2682 2798 2920 3037
       3563 3677 3796 3914 4128 4246 4363 4476 4593 4844 4963 5080
       5195 5372 $
69   211 476 591 705 1221 1495 2205 2321 2451 2570 2689 2802 2927 3041
       3570 3681 3800 3921 4135 4253 4370 4483 4600 4851 4970 5087
       5199 5311 $
70   212 477 592 706 1222 1496 2206 2322 2452 2571 2690 2803 2928 3042
       3571 3682 3801 3922 4136 4254 4371 4484 4601 4852 4971 5088
       5200 5312 $
71   217 482 597 710 1227 1501 2209 2327 2457 2576 2695 2808 2933 3047
       3576 3687 3806 3927 4141 4259 4376 4489 4606 4857 4976 5093
       5205 5317 $
72   225 487 603 701 1233 1506 2217 2335 2463 2582 2701 2816 2939 3055
       3582 3695 3814 3933 4147 4265 4382 4495 4612 4863 4982 5099
       5213 5325 $
73   240 501 617 730 1247 1519 2233 2352 2477 2596 2715 2830 2954 3069
       3596 3710 3828 3947 4161 4278 4395 4509 4626 4877 4995 5112
       5227 5342 $
74   243 504 620 732 1250 1522 2236 2355 2480 2599 2718 2833 2957 3072
       3599 3713 3831 3950 4164 4281 4398 4512 4629 4880 4998 5115
       5230 5345 $
75   246 507 623 735 1252 1525 2239 2358 2483 2602 2721 2836 2960 3075
       3602 3716 3833 3953 4167 4284 4401 4515 4632 4883 5001 5117
       5233 5348 $
76   247 508 624 736 1253 1526 2240 2359 2484 2603 2722 2837 2961 3076
       3603 3717 3834 3954 4168 4285 4402 4516 4633 4884 5002 5118
       5234 5349 $
77   249 509 625 737 1254 1527 2242 2361 2485 2604 2723 2839 2962 3078
       3604 3719 3836 3955 4169 4286 4403 4517 4634 4885 5003 5119
       5236 5351 $
78   251 511 627 739 1256 1529 2244 2363 2487 2606 2725 2841 2964 3080
       3606 3721 3838 3957 4171 4288 4405 4519 4636 4887 5005 5121
       5238 5353 $
79   252 512 628 740 1257 1530 2245 2364 2488 2607 2726 2842 2965 3081
       3607 3722 3839 3958 4172 4289 4406 4520 4637 4888 5006 5122
       5239 5354 $
80   256 515 631 744 1260 1533 2249 2368 2491 2610 2729 2846 2968 3085
       3610 3726 3843 3961 4175 4292 4409 4523 4640 4891 5009 5125
       5243 5358 $
81   257 516 632 745 1261 1534 2250 2369 2492 2611 2730 2847 2969 3086
       3611 3727 3844 3962 4176 4293 4410 4524 4641 4892 5010 5126
       5244 5359 $
82   258 517 633 746 1262 1535 2251 2370 2493 2612 2731 2848 2970 3087
       3612 3728 3845 3963 4177 4294 4411 4525 4642 4893 5011 5127
       5245 5360 $
83   268 524 640 755 1269 1541 2260 2379 2500 2619 2738 2858 2977 3095
       3619 3738 3853 3970 4184 4301 4418 4532 4649 4900 5018 5134
       5253 5369 $
84   271 527 643 759 1272 1544 2265 2384 2503 2622 2741 2861 2980 3098
       3622 3741 3856 3973 4187 4304 4421 4535 4652 4903 5021 5137
       5256 5374 $
85   272 528 644 760 1273 1545 2266 2385 2504 2623 2742 2862 2981 3099
       3623 3742 3857 3974 4188 4305 4422 4536 4653 4904 5022 5138
       5257 5375 $
86   277 531 648 762 1276 1549 2269 2388 2508 2627 2746 2867 2985 3104
       3627 3747 3862 3978 4192 4309 4426 4540 4657 4908 5026 5142
       5262 5379 $
87   278 532 649 763 1277 1550 2270 2389 2509 2628 2747 2868 2986 3105
       3628 3748 3863 3979 4193 4310 4427 4541 4658 4909 5027 5143
       5263 5380 $
88   283 536 652 767 1281 1554 2274 2393 2513 2632 2751 2873 2990 3110
       3632 3753 3868 3983 4196 4313 4431 4545 4662 4913 5031 5147
       5268 5384 $
89   287 541 657 772 1286 1559 2279 2398 2518 2637 2756 2877 2995 3114
       3636 3757 3872 3987 4201 4318 4435 4549 4666 4918 5036 5152
       5272 5389 $
90   288 542 658 699 1287 1560 2280 2399 2519 2638 2757 2878 2996 3115
       3637 3758 3873 3988 4202 4319 4436 4550 4667 4919 5037 5153
       5273 5390 $
91   302 556 671 787 1301 1574 2295 2414 2533 2652 2771 2892 3010 3129
       3651 3772 3887 4002 4216 4333 4450 4564 4681 4933 5051 5167
       5287 5405 $
92   303 557 672 788 1302 1575 2296 2415 2534 2653 2772 2893 3011 3130
       3652 3773 3888 4003 4217 4334 4451 4565 4682 4934 5052 5168
       5288 5406 $
93   304 558 673 789 1303 1576 2297 2416 2535 2654 2773 2894 3012 3131
       3653 3774 3889 4004 4218 4335 4452 4566 4683 4935 5053 5169
       5289 5407 $
94   305 559 674 790 1304 1577 2298 2417 2536 2655 2774 2895 3013 3132
       3654 3775 3890 4005 4219 4336 4453 4567 4684 4936 5054 5170
       5290 5408 $
95   308 564 679 695 1309 1582 2302 2421 2541 2660 2779 2898 3018 3135
       3658 3778 3893 4010 4224 4341 4456 4572 4689 4941 5059 5175
       5293 5413 $
96   316 570 687 802 1317 1590 2311 2430 2549 2668 2787 2906 3026 3143
       3665 3785 3901 4017 4232 4349 4463 4579 4696 4949 5067 5183
       5301 5422 $
97   320 574 691 805 1321 1594 2315 2434 2553 2672 2791 2910 3030 3147
       3669 3789 3905 4021 4236 4353 4467 4583 4700 4953 5071 5187
       5305 5426 $
98   234 470 585 725 1215 1489 2227 2346 2445 2564 2683 2824 2921 3063
       3564 3704 3822 3915 4129 4247 4364 4477 4594 4845 4964 5081
       5221 $
99   245 506 622 734 1251 1524 2238 2357 2482 2601 2720 2835 2959 3074
       3601 3715 3952 4166 4283 4400 4514 4631 4882 5000 5116 5232
       5347 $
100  267 578 754 1208 1482 2259 2378 2438 2557 2676 2857 2914 3239
       3517 3737 3852 3909 4122 4240 4357 4471 4587 4794 4838 4957
       5075 5368 $
101  275 647 761 1275 1548 2268 2387 2507 2626 2745 2865 2984 3102
       3626 3745 3860 3977 4191 4308 4425 4539 4656 4907 5025 5141
       5260 5378 $
102  306 562 677 792 1307 1580 2300 2419 2539 2658 2777 2896 3016 3133
       3656 3776 3891 4008 4222 4339 4570 4687 4939 5057 5173 5291
       5411 $
103  309 583 794 1213 1487 2303 2422 2443 2562 2681 2899 2919 3136
       3562 3779 3894 3913 4127 4245 4362 4475 4592 4843 4962 5079
       5294 5414 $
104  318 572 689 1319 1592 2313 2432 2551 2670 2789 2908 3028 3145
       3667 3787 3903 4019 4234 4351 4465 4581 4698 4951 5069 5185
       5303 5424 $
105  205 561 676 791 1306 1579 2299 2418 2538 2657 2776 3015 3035 3655
       3675 3794 4007 4221 4338 4569 4686 4938 5056 5172 5193 5410 $
106  220 599 712 1229 2212 2330 2459 2578 2697 2811 2935 3050 3578
       3690 3809 3929 4143 4261 4378 4491 4608 4859 4978 5095 5208
       5320 $
107  231 494 610 723 1240 2224 2342 2470 2589 2708 2822 2946 3061 3193
       3471 3589 3701 3820 3940 4154 4502 4619 4747 4870 5219 5332 $
108  244 505 621 733 1523 2237 2356 2481 2600 2719 2834 2958 3073 3600
       3714 3832 3951 4165 4282 4399 4513 4630 4881 4999 5231 5346 $
109  248 466 580 1210 1484 2241 2360 2440 2559 2678 2838 2916 3077
       3718 3835 3910 4124 4242 4359 4472 4589 4840 4959 5076 5235
       5350 $
110  273 529 645 1546 2267 2386 2505 2624 2743 2863 2982 3100 3624
       3743 3858 3975 4189 4306 4423 4537 4654 4905 5023 5139 5258
       5376 $
111  314 685 800 1315 1588 2309 2428 2547 2666 2785 2904 3024 3141
       3663 3899 4015 4230 4347 4461 4577 4694 4947 5065 5181 5299
       5420 $
112  274 530 646 1274 1547 2506 2625 2744 2864 2983 3101 3625 3744
       3859 3976 4190 4307 4424 4538 4655 4906 5024 5140 5259 5377 $
113  279 471 586 1216 1490 2446 2565 2684 2869 2922 3106 3565 3749
       3864 3916 4130 4248 4365 4478 4595 4846 4965 5082 5264 $
114  105 169 359 895 1006 1125 1645 1673 1676 1705 1722 1729 1730 2065
       2123 3295 3304 3376 3389 3394 3402 3407 4045 $
115  203 465 579 702 1209 1483 2225 2343 2439 2558 2677 2795 2915 3673
       4123 4241 4358 4588 4839 4958 5191 $
116  474 588 696 1219 1493 2448 2567 2686 2925 3568 3918 4133 4251
       4367 4480 4597 4849 4968 5085 $
117  491 607 1237 1510 2339 2467 2586 2705 2943 3586 3937 4151 4269
       4386 4499 4616 4867 4986 5103 $
118  537 653 768 1282 1555 2275 2394 2514 2633 2752 2991 4031 4197
       4314 4914 5032 5148 5385 $
119  560 675 1305 1578 2537 2656 2775 3014 4006 4220 4337 4454 4568
       4685 4937 5055 5171 5409 $
120  567 683 798 1313 1586 2307 2426 2545 2664 2783 3022 4228 4345
       4945 5063 5179 5418 $
121  120 177 194 815 939 956 983 1017 1134 1184 1204 1344 1372 1414
       1438 1946 $
122  925 1169 2052 2053 2058 2067 2083 2084 2097 2118 2128 2130 2131
       2155 2172 $
123  87 867 890 928 1325 1354 1407 1442 1450 1458 1474 1481 $
124  219 2211 2329 2810 3049 3198 3476 3689 3808 4752 5207 5319 $
125  259 2252 2371 2849 3088 3245 3523 3729 3846 4800 5246 5361 $
126  276 1606 1614 2866 3103 3206 3364 3484 3746 3861 4761 5261 $
127  204 758 1751 2264 2383 2796 3034 3674 3793 5192 5373 $
128  1774 1775 1776 1777 1779 1780 1781 1783 1999 2000 2001 $
129  88 129 812 1045 1046 1081 1082 1185 1187 1202 $
130  125 420 944 1205 1409 1718 1805 2031 3397 4026 $
131  224 716 2216 2334 2815 3054 3694 3813 5212 5324 $
132  1757 1758 1759 1812 1813 1816 1817 1818 1820 2002 $
133  30 379 941 1093 1371 1736 1998 3387 4064 $
134  99 161 861 1167 1388 1742 1811 2080 3419 $
135  100 965 1111 1431 1639 3212 3288 3490 4767 $
136  2061 2095 2096 2136 2137 2138 2163 2164 2165 $
137  3210 3275 3276 3488 3552 3553 4765 4830 4831 $
138  71 455 834 1048 1392 1881 2188 4079 $
139  156 872 1002 1331 1640 1945 2056 3289 $
140  184 822 835 901 913 962 1072 1156 $
141  1609 1682 1697 3183 3294 3378 3461 4737 $
142  1638 3163 3215 3305 3441 3493 4717 4770 $
143  1830 1831 1832 1833 1834 1835 1836 1840 $
144  69 98 827 908 909 938 1138 $
145  89 144 897 999 1166 1435 1959 $
146  182 844 1155 1429 1737 2101 3417 $
147  191 367 915 1137 1441 2169 4087 $
148  325 1644 3151 3293 3428 4077 4704 $
149  326 400 401 402 403 404 449 $
150  341 832 1351 1746 2087 3286 4069 $
151  348 349 350 352 353 355 356 $
152  369 3211 3270 3489 3547 4766 4825 $
153  448 1060 1687 2093 2183 3360 4099 $
154  2076 2078 2145 2146 2184 2185 2186 $
155  48 77 82 146 838 1104 $
156  55 943 1044 1425 1864 2168 $
157  66 67 847 1127 1398 1861 $
158  75 914 1083 1440 1888 2033 $
159  86 891 1037 1426 1943 2189 $
160  90 978 1108 1451 1960 2094 $
161  95 986 1033 1444 1860 2132 $
162  104 337 953 1424 2108 4029 $
163  168 954 1065 1135 1427 2074 $
164  178 854 1055 1473 1932 2182 $
165  180 839 970 1057 1330 1428 $
166  181 905 1059 1149 1389 1476 $
167  328 980 1341 1657 3311 4051 $
168  334 1656 2116 2135 3313 4058 $
169  462 842 1333 1677 3374 4054 $
170  1837 1838 1973 2014 2015 2016 $
171  3265 3272 3542 3549 4820 4827 $
172  0 140 141 1050 1110 $
173  2 937 1008 1439 2156 $
174  3 919 1126 1456 2051 $
175  8 1001 3169 3447 4723 $
176  14 958 1088 1464 2106 $
177  16 974 1198 1338 2066 $
178  84 912 1035 1423 2054 $
179  85 828 829 1036 1422 $
180  103 840 1396 2081 2088 $
181  111 830 1073 1475 2072 $
182  116 2125 3170 3448 4724 $
183  121 940 1007 1386 1944 $
184  135 929 1179 1457 2044 $
185  145 955 1031 1462 1972 $
186  147 864 1147 1393 2198 $
187  149 932 1178 1469 2073 $
188  150 858 1058 1400 1808 $
189  160 907 1180 1402 2092 $
190  173 1120 1123 1129 2045 $
191  176 843 1023 1334 1911 $
192  183 837 997 1332 1868 $
193  192 930 1136 1436 1854 $
194  196 934 993 1471 2152 $
195  389 1618 2035 3327 4086 $
196  398 428 429 430 431 $
197  419 1611 1661 1725 3403 $
198  948 1012 1460 1617 3328 $
199  1711 3232 3412 3510 4787 $
200  7 910 1201 1800 $
201  11 1053 1103 1163 $
202  17 816 1197 1453 $
203  23 996 1071 1186 $
204  41 871 1174 1380 $
205  43 969 1173 1405 $
206  63 869 1062 1432 $
207  73 826 1353 1981 $
208  106 831 1190 1421 $
209  119 911 1112 1459 $
210  123 882 1131 1368 $
211  134 896 1154 1413 $
212  158 849 1028 1478 $
213  159 821 1181 1358 $
214  174 922 1000 1385 $
215  201 845 1010 1430 $
216  202 964 1009 1477 $
217  264 751 2854 3734 $
218  346 1703 3392 4076 $
219  380 1602 2089 3422 $
220  384 1643 3291 4112 $
221  416 1651 3309 4120 $
222  438 1743 3418 4040 $
223  450 1699 3381 4097 $
224  1616 1621 3322 3363 $
225  1632 1668 3333 3343 $
226  1659 1739 3354 3415 $
227  1671 1681 3340 3369 $
228  1773 3164 3442 4718 $
229  1902 1904 1906 1909 $
230  1975 1977 1979 1996 $
231  3207 3485 4032 4762 $
232  27 824 1361 $
233  52 1041 1339 $
234  76 1078 2099 $
235  92 1161 1340 $
236  114 878 1342 $
237  115 976 1363 $
238  189 1189 2068 $
239  199 1051 1445 $
240  200 1052 2134 $
241  333 1634 4059 $
242  366 1748 4088 $
243  378 1745 3287 $
244  820 1355 1357 $
245  868 1373 1955 $
246  968 1406 1954 $
247  973 1337 1949 $
248  1642 1684 3357 $
249  1702 3336 3385 $
250  1903 1905 1908 $
251  1976 1978 1980 $
252  2009 2010 2011 $
253  2017 2018 2019 $
254  3152 3429 4705 $
255  3157 3434 4710 $
256  3159 3437 4713 $
257  3160 3438 4714 $
258  3162 3440 4716 $
259  3172 3450 4726 $
260  3173 3451 4727 $
261  3174 3452 4728 $
262  3176 3454 4730 $
263  3181 3459 4735 $
264  3184 3462 4738 $
265  3185 3463 4739 $
266  3189 3467 4743 $
267  3194 3472 4748 $
268  3197 3475 4751 $
269  3200 3478 4754 $
270  3203 3481 4757 $
271  3204 3482 4759 $
272  3205 3483 4760 $
273  3209 3487 4764 $
274  3213 3491 4768 $
275  3214 3492 4769 $
276  3216 3494 4771 $
277  3236 3514 4791 $
278  3237 3515 4792 $
279  3238 3516 4793 $
280  3246 3524 4801 $
281  3247 3525 4802 $
282  3248 3526 4803 $
283  3251 3529 4806 $
284  3252 3530 4807 $
285  3253 3531 4808 $
286  3255 3533 4810 $
287  3256 3534 4811 $
288  3258 3536 4813 $
289  3260 3537 4815 $
290  3261 3538 4816 $
291  3262 3539 4817 $
292  3263 3540 4818 $
293  3264 3541 4819 $
294  3280 3557 4835 $
295  1 883 $
296  9 1200 $
297  13 1141 $
298  15 810 $
299  19 1142 $
300  24 1118 $
301  26 1095 $
302  33 1091 $
303  39 1177 $
304  42 987 $
305  44 1172 $
306  47 975 $
307  49 1165 $
308  51 1043 $
309  54 1038 $
310  59 1070 $
311  60 1069 $
312  68 873 $
313  91 1092 $
314  96 1034 $
315  97 1158 $
316  101 1076 $
317  110 949 $
318  112 994 $
319  117 1114 $
320  118 1113 $
321  130 1122 $
322  138 1193 $
323  139 1188 $
324  142 1195 $
325  154 1020 $
326  162 1011 $
327  165 990 $
328  166 1171 $
329  171 1121 $
330  179 985 $
331  185 863 $
332  186 1160 $
333  195 1018 $
334  197 995 $
335  198 1064 $
336  331 4060 $
337  336 4030 $
338  338 4028 $
339  343 4072 $
340  362 4043 $
341  375 4037 $
342  386 4114 $
343  391 410 $
344  394 4105 $
345  397 4108 $
346  411 2103 $
347  412 4038 $
348  424 4103 $
349  426 4104 $
350  427 4084 $
351  435 4042 $
352  439 4101 $
353  440 4100 $
354  441 4096 $
355  445 4093 $
356  446 447 $
357  453 4081 $
358  459 4083 $
359  813 1350 $
360  814 1352 $
361  823 1360 $
362  841 1472 $
363  850 1433 $
364  853 1364 $
365  856 1391 $
366  857 1328 $
367  859 1401 $
368  860 1335 $
369  874 1382 $
370  887 1365 $
371  898 1419 $
372  899 1374 $
373  904 1326 $
374  920 1455 $
375  921 1157 $
376  924 1467 $
377  945 1410 $
378  946 1015 $
379  950 1384 $
380  951 1394 $
381  960 1327 $
382  966 1452 $
383  971 1411 $
384  1024 1026 $
385  1025 1027 $
386  1039 1144 $
387  1054 1164 $
388  1066 1480 $
389  1101 1755 $
390  1599 3426 $
391  1600 3425 $
392  1603 3421 $
393  1604 3301 $
394  1605 3302 $
395  1607 3303 $
396  1608 3297 $
397  1610 3319 $
398  1613 3321 $
399  1615 3298 $
400  1619 3325 $
401  1620 3326 $
402  1623 3323 $
403  1624 3324 $
404  1626 3362 $
405  1627 3361 $
406  1628 3365 $
407  1629 3367 $
408  1631 3314 $
409  1633 3315 $
410  1635 3316 $
411  1636 3317 $
412  1647 3299 $
413  1650 3308 $
414  1655 3351 $
415  1660 3355 $
416  1662 3349 $
417  1663 3347 $
418  1664 3346 $
419  1665 3345 $
420  1666 3344 $
421  1669 3342 $
422  1670 3341 $
423  1675 3370 $
424  1678 3373 $
425  1679 3372 $
426  1680 3375 $
427  1683 3368 $
428  1685 3358 $
429  1689 3330 $
430  1690 3331 $
431  1694 3339 $
432  1696 3377 $
433  1698 3380 $
434  1701 3384 $
435  1709 3414 $
436  1710 3413 $
437  1713 3411 $
438  1715 3409 $
439  1719 3396 $
440  1720 3398 $
441  1721 3401 $
442  1724 3400 $
443  1726 3405 $
444  1731 3393 $
445  1738 3416 $
446  1744 3423 $
447  1747 3285 $
448  1749 3284 $
449  1791 1804 $
450  1847 1848 $
451  1873 1875 $
452  1918 1919 $
453  1961 1962 $
454  1963 1964 $
455  1985 1992 $
456  2023 2025 $
457  2060 2121 $
458  2104 2105 $
459  2161 2171 $
460  2170 2196 $
461  2344 5334 $
462  3259 4814 $
463  3435 4711 $
464  4049 4050 $
465  12 $
466  18 $
467  20 $
468  21 $
469  28 $
470  29 $
471  31 $
472  32 $
473  35 $
474  36 $
475  37 $
476  38 $
477  40 $
478  53 $
479  56 $
480  57 $
481  58 $
482  70 $
483  72 $
484  74 $
485  81 $
486  83 $
487  102 $
488  107 $
489  109 $
490  113 $
491  122 $
492  126 $
493  127 $
494  132 $
495  133 $
496  137 $
497  143 $
498  152 $
499  163 $
500  170 $
501  187 $
502  190 $
503  193 $
504  233 $
505  324 $
506  329 $
507  330 $
508  332 $
509  335 $
510  340 $
511  342 $
512  344 $
513  347 $
514  351 $
515  354 $
516  357 $
517  360 $
518  361 $
519  363 $
520  364 $
521  368 $
522  372 $
523  373 $
524  381 $
525  390 $
526  393 $
527  405 $
528  406 $
529  409 $
530  414 $
531  415 $
532  417 $
533  418 $
534  421 $
535  423 $
536  425 $
537  433 $
538  434 $
539  436 $
540  442 $
541  443 $
542  444 $
543  451 $
544  454 $
545  456 $
546  457 $
547  458 $
548  460 $
549  461 $
550  463 $
551  697 $
552  711 $
553  817 $
554  818 $
555  819 $
556  836 $
557  846 $
558  862 $
559  876 $
560  879 $
561  880 $
562  884 $
563  885 $
564  886 $
565  892 $
566  893 $
567  902 $
568  917 $
569  918 $
570  923 $
571  933 $
572  935 $
573  942 $
574  957 $
575  959 $
576  961 $
577  963 $
578  977 $
579  982 $
580  991 $
581  992 $
582  998 $
583  1004 $
584  1014 $
585  1016 $
586  1030 $
587  1032 $
588  1040 $
589  1042 $
590  1056 $
591  1063 $
592  1068 $
593  1074 $
594  1075 $
595  1077 $
596  1079 $
597  1080 $
598  1085 $
599  1086 $
600  1087 $
601  1089 $
602  1094 $
603  1097 $
604  1098 $
605  1100 $
606  1102 $
607  1105 $
608  1106 $
609  1107 $
610  1115 $
611  1119 $
612  1124 $
613  1128 $
614  1132 $
615  1133 $
616  1148 $
617  1150 $
618  1152 $
619  1153 $
620  1168 $
621  1175 $
622  1176 $
623  1182 $
624  1191 $
625  1196 $
626  1206 $
627  1343 $
628  1345 $
629  1346 $
630  1348 $
631  1356 $
632  1359 $
633  1362 $
634  1375 $
635  1378 $
636  1379 $
637  1381 $
638  1387 $
639  1399 $
640  1404 $
641  1412 $
642  1420 $
643  1434 $
644  1443 $
645  1454 $
646  1461 $
647  1465 $
648  1466 $
649  1468 $
650  1470 $
651  1479 $
652  1622 $
653  1625 $
654  1630 $
655  1667 $
656  1706 $
657  1707 $
658  1708 $
659  1712 $
660  1727 $
661  1733 $
662  1735 $
663  1740 $
664  1741 $
665  1750 $
666  1752 $
667  1753 $
668  1754 $
669  1756 $
670  1760 $
671  1761 $
672  1762 $
673  1763 $
674  1764 $
675  1765 $
676  1766 $
677  1767 $
678  1768 $
679  1769 $
680  1770 $
681  1771 $
682  1772 $
683  1778 $
684  1782 $
685  1784 $
686  1785 $
687  1786 $
688  1787 $
689  1788 $
690  1790 $
691  1792 $
692  1793 $
693  1794 $
694  1795 $
695  1796 $
696  1797 $
697  1799 $
698  1802 $
699  1803 $
700  1806 $
701  1807 $
702  1809 $
703  1810 $
704  1814 $
705  1815 $
706  1819 $
707  1821 $
708  1822 $
709  1823 $
710  1824 $
711  1825 $
712  1826 $
713  1827 $
714  1828 $
715  1829 $
716  1839 $
717  1841 $
718  1842 $
719  1845 $
720  1846 $
721  1849 $
722  1850 $
723  1851 $
724  1852 $
725  1853 $
726  1855 $
727  1856 $
728  1857 $
729  1858 $
730  1859 $
731  1863 $
732  1866 $
733  1867 $
734  1869 $
735  1870 $
736  1871 $
737  1872 $
738  1874 $
739  1876 $
740  1877 $
741  1879 $
742  1880 $
743  1882 $
744  1884 $
745  1885 $
746  1886 $
747  1887 $
748  1889 $
749  1892 $
750  1893 $
751  1894 $
752  1895 $
753  1896 $
754  1898 $
755  1899 $
756  1900 $
757  1901 $
758  1907 $
759  1910 $
760  1912 $
761  1913 $
762  1914 $
763  1915 $
764  1916 $
765  1917 $
766  1920 $
767  1921 $
768  1922 $
769  1923 $
770  1924 $
771  1925 $
772  1926 $
773  1927 $
774  1928 $
775  1929 $
776  1930 $
777  1931 $
778  1933 $
779  1934 $
780  1937 $
781  1938 $
782  1939 $
783  1941 $
784  1947 $
785  1952 $
786  1953 $
787  1956 $
788  1957 $
789  1958 $
790  1965 $
791  1966 $
792  1967 $
793  1968 $
794  1969 $
795  1970 $
796  1971 $
797  1974 $
798  1982 $
799  1983 $
800  1984 $
801  1986 $
802  1988 $
803  1989 $
804  1990 $
805  1991 $
806  1993 $
807  1994 $
808  1997 $
809  2003 $
810  2004 $
811  2005 $
812  2006 $
813  2007 $
814  2008 $
815  2012 $
816  2013 $
817  2020 $
818  2021 $
819  2022 $
820  2024 $
821  2026 $
822  2027 $
823  2030 $
824  2032 $
825  2034 $
826  2036 $
827  2037 $
828  2041 $
829  2042 $
830  2043 $
831  2046 $
832  2047 $
833  2048 $
834  2049 $
835  2050 $
836  2055 $
837  2057 $
838  2063 $
839  2069 $
840  2070 $
841  2071 $
842  2077 $
843  2079 $
844  2082 $
845  2085 $
846  2086 $
847  2090 $
848  2091 $
849  2100 $
850  2107 $
851  2109 $
852  2110 $
853  2111 $
854  2112 $
855  2113 $
856  2114 $
857  2115 $
858  2120 $
859  2122 $
860  2124 $
861  2140 $
862  2142 $
863  2147 $
864  2148 $
865  2150 $
866  2151 $
867  2153 $
868  2154 $
869  2157 $
870  2159 $
871  2160 $
872  2162 $
873  2166 $
874  2167 $
875  2173 $
876  2174 $
877  2175 $
878  2177 $
879  2178 $
880  2180 $
881  2187 $
882  2191 $
883  2192 $
884  2193 $
885  2194 $
886  2195 $
887  2197 $
888  2199 $
889  2201 $
890  2221 $
891  2948 $
892  3292 $
893  3300 $
894  3312 $
895  3335 $
896  3338 $
897  3348 $
898  3356 $
899  3366 $
900  3382 $
901  3390 $
902  3399 $
903  3420 $
904  3703 $
905  4033 $
906  4034 $
907  4044 $
908  4052 $
909  4055 $
910  4056 $
911  4057 $
912  4061 $
913  4062 $
914  4065 $
915  4066 $
916  4068 $
917  4070 $
918  4071 $
919  4073 $
920  4075 $
921  4080 $
922  4089 $
923  4090 $
924  4092 $
925  4094 $
926  4095 $
927  4098 $
928  4102 $
929  4117 $
930  4121 $
931  4758 $
932  5333 $
933  5336 $
934  5396 $
935  5397 $
)
