# cline: mcl ./orthofinder_2/Results_Jan13/WorkingDirectory/OrthoFinder_graph.txt "-I" "1.5" "-o" "./orthofinder_2/Results_Jan13/WorkingDirectory/clusters_OrthoFinder_I1.5.txt" "-te" "6" "-V" "all"
(mclheader
mcltype matrix
dimensions 8954x954
)
(mclmatrix
begin
0    38 199 272 357 482 655 742 861 976 1102 1366 1401 1494 1700 1766
       1891 2105 2239 2405 2406 2607 2726 2852 2973 3093 3210 3335
       3450 3568 3792 3846 3966 4084 4219 4334 4454 4579 4693 4813
       4934 5054 5173 5292 5413 5538 5655 5775 5895 6015 6135 6256
       6378 6477 6602 6724 6844 6961 7081 7194 7332 7448 7573 7691
       7807 7928 8045 8170 8288 8408 8525 8645 8763 8944 $
1    21 167 337 465 641 725 844 958 1127 1297 1477 1654 1746 1875 2072
       2077 2220 2567 2586 2704 2835 2956 3076 3191 3317 3431 3587
       3769 3827 3946 4103 4202 4314 4435 4562 4673 4794 4914 5035
       5154 5273 5394 5520 5635 5756 5876 5996 6116 6236 6358 6520
       6585 6708 6828 6944 7064 7213 7315 7428 7557 7675 7788 7908
       8023 8150 8268 8389 8505 8626 8744 8867 $
2    27 155 344 471 694 731 850 964 1186 1396 1483 1580 1753 1881 2094
       2312 2417 2593 2711 2841 2962 3082 3198 3323 3438 3581 3668
       3781 3834 3953 4097 4208 4321 4442 4568 4680 4801 4921 5042
       5161 5280 5401 5526 5642 5763 5883 6003 6123 6243 6365 6524
       6591 6714 6834 6950 7070 7207 7321 7435 7563 7681 7795 7915
       8030 8157 8275 8396 8512 8633 8751 8860 $
3    37 285 356 481 649 741 860 975 1101 1238 1412 1493 1641 1765 1890
       2111 2372 2436 2606 2725 2851 2972 3092 3209 3334 3449 3667
       3774 3845 3965 4182 4218 4333 4453 4578 4692 4812 4933 5053
       5172 5291 5412 5537 5654 5774 5894 6014 6134 6255 6377 6561
       6601 6723 6843 6960 7080 7294 7331 7447 7572 7690 7806 7927
       8044 8169 8287 8407 8524 8644 8762 8943 $
4    110 296 434 555 706 814 933 1048 1181 1253 1390 1565 1688 1837
       1964 2081 2255 2479 2686 2805 2925 3046 3166 3287 3408 3525
       3607 3777 3922 4042 4123 4289 4411 4528 4650 4769 4890 5011
       5129 5248 5369 5490 5611 5732 5852 5972 6092 6212 6333 6455
       6558 6674 6796 6913 7032 7151 7234 7405 7525 7646 7763 7882
       8004 8126 8243 8364 8483 8601 8720 8837 8890 $
5    18 278 334 462 619 722 841 956 1156 1279 1474 1698 1743 1872 2051
       2221 2520 2579 2701 2832 2953 3073 3188 3314 3428 3547 3757
       3824 3943 4063 4199 4311 4432 4559 4670 4791 4911 5032 5151
       5270 5391 5517 5632 5753 5873 5993 6113 6233 6355 6505 6582
       6705 6825 6941 7061 7173 7312 7425 7554 7672 7785 7905 8020
       8147 8265 8386 8502 8623 8741 8870 $
6    20 245 336 464 629 724 843 957 1131 1380 1476 1618 1745 1874 2025
       2267 2556 2585 2703 2834 2955 3075 3190 3316 3430 3588 3692
       3826 3945 4104 4201 4313 4434 4561 4672 4793 4913 5034 5153
       5272 5393 5519 5634 5755 5875 5995 6115 6235 6357 6557 6584
       6707 6827 6943 7063 7214 7314 7427 7556 7674 7787 7907 8022
       8149 8267 8388 8504 8625 8743 8868 $
7    33 131 350 477 674 737 856 970 1059 1239 1489 1628 1759 1887 2091
       2325 2516 2600 2718 2847 2968 3088 3204 3329 3444 3573 3796
       3840 3959 4089 4214 4327 4448 4574 4686 4807 4927 5048 5167
       5286 5407 5532 5648 5769 5889 6009 6129 6249 6371 6527 6597
       6720 6840 6956 7076 7199 7327 7441 7569 7687 7801 7921 8037
       8163 8281 8402 8518 8639 8757 8853 $
8    39 276 358 483 638 743 862 977 1139 1269 1495 1621 1767 1892 2031
       2313 2494 2608 2727 2853 2974 3094 3211 3336 3451 3653 3736
       3847 3967 4168 4220 4335 4455 4580 4694 4814 4935 5055 5174
       5293 5414 5539 5656 5776 5896 6016 6136 6257 6379 6549 6603
       6725 6845 6962 7082 7280 7333 7449 7574 7692 7808 7929 8046
       8171 8289 8409 8526 8646 8764 8945 $
9    41 183 360 485 624 745 864 951 1217 1311 1497 1697 1769 1894 2014
       2364 2441 2610 2729 2855 2976 3096 3213 3338 3453 3654 3704
       3849 3969 4169 4222 4337 4457 4582 4696 4816 4937 5057 5176
       5295 5416 5541 5658 5778 5898 6018 6138 6259 6381 6553 6605
       6727 6847 6964 7083 7281 7335 7451 7576 7694 7810 7931 8048
       8173 8291 8411 8528 8648 8766 8946 $
10   43 309 362 487 630 747 866 945 1234 1449 1499 1597 1598 1771 1896
       2023 2319 2475 2612 2731 2857 2978 3098 3215 3340 3455 3657
       3682 3851 3971 4172 4224 4339 4459 4584 4698 4818 4939 5059
       5178 5297 5418 5543 5660 5780 5900 6020 6140 6261 6383 6467
       6607 6729 6849 6966 7085 7284 7337 7453 7578 7696 7812 7933
       8050 8293 8413 8530 8650 8768 8947 $
11   61 143 383 505 613 765 884 998 1125 1255 1516 1634 1791 1914 2018
       2268 2439 2633 2752 2875 2996 3116 3236 3358 3476 3628 3676
       3872 3992 4144 4242 4360 4479 4602 4719 4839 4960 5080 5199
       5318 5439 5561 5681 5801 5921 6041 6161 6282 6404 6489 6625
       6747 6867 6984 7103 7255 7355 7474 7596 7713 7833 7954 8071
       8194 8314 8434 8551 8671 8787 8923 $
12   66 126 390 510 618 770 889 1005 1177 1453 1521 1666 1798 1919
       2068 2328 2553 2639 2758 2880 3001 3121 3243 3363 3481 3544
       3718 3878 3998 4060 4247 4367 4484 4607 4726 4846 4967 5085
       5204 5325 5446 5566 5688 5808 5928 6048 6168 6289 6411 6478
       6630 6752 6872 6989 7108 7170 7360 7481 7601 7718 7838 7960
       8077 8201 8320 8440 8558 8676 8793 8917 $
13   84 257 410 529 650 788 907 1022 1222 1433 1539 1587 1813 1938
       2049 2317 2510 2659 2778 2899 3020 3140 3263 3382 3501 3620
       3765 3898 4018 4136 4265 4387 4504 4625 4745 4866 4987 5105
       5224 5345 5466 5585 5708 5828 5948 6068 6188 6309 6431 6560
       6648 6770 6890 7007 7126 7247 7379 7501 7620 7737 7858 7980
       8098 8219 8340 8459 8577 8696 8813 8901 $
14   88 269 414 533 581 792 911 1026 1150 1409 1543 1627 1817 1942
       2035 2175 2577 2663 2782 2903 3024 3144 3267 3386 3505 3614
       3696 3902 4022 4130 4269 4391 4508 4629 4749 4870 4991 5109
       5228 5349 5470 5589 5712 5832 5952 6072 6192 6313 6435 6469
       6652 6774 6894 7011 7130 7241 7383 7505 7624 7741 7862 7984
       8102 8223 8344 8463 8581 8700 8817 8897 $
15   104 201 428 549 612 808 927 1042 1061 1349 1559 1600 1831 1958
       2069 2178 2521 2679 2798 2919 3040 3160 3281 3402 3519 3603
       3720 3916 4036 4119 4284 4405 4522 4645 4763 4884 5005 5123
       5242 5363 5484 5605 5726 5846 5966 6086 6206 6327 6449 6490
       6668 6790 6908 7027 7146 7230 7399 7519 7640 7757 7876 7998
       8119 8237 8358 8477 8595 8714 8831 8885 $
16   118 146 442 563 679 821 941 1056 1197 1346 1573 1648 1845 1972
       2030 2327 2526 2694 2813 2933 3054 3174 3295 3416 3533 3608
       3738 3929 4048 4124 4297 4418 4536 4658 4777 4898 5019 5137
       5256 5378 5498 5619 5740 5860 5980 6100 6220 6341 6463 6483
       6682 6804 6921 7040 7159 7235 7413 7533 7654 7771 7890 8012
       8134 8251 8372 8489 8609 8728 8845 8875 $
17   119 166 443 564 600 822 942 1057 1116 1389 1574 1669 1846 1973
       2065 2260 2415 2695 2814 2934 3055 3175 3296 3417 3534 3540
       3715 3930 4049 4055 4298 4419 4537 4659 4778 4899 5020 5138
       5257 5379 5499 5620 5741 5861 5981 6101 6221 6342 6464 6488
       6683 6805 6922 7041 7160 7165 7414 7534 7655 7772 7891 8013
       8135 8252 8373 8490 8610 8729 8846 8874 $
18   36 288 353 480 607 740 859 973 1120 1299 1492 1668 1762 1889 2026
       2274 2604 2723 2850 2971 3091 3207 3332 3447 3594 3693 3843
       3962 4110 4217 4330 4451 4577 4689 4810 4930 5051 5170 5289
       5410 5535 5651 5772 5892 6012 6132 6252 6374 6533 6600 6722
       6842 6959 7079 7221 7330 7444 7571 7689 7804 7924 8042 8166
       8284 8405 8521 8642 8760 8949 $
19   75 252 401 519 616 778 835 1013 1083 1359 1529 1646 1804 1928
       1978 2166 2416 2649 2768 2889 3010 3130 3254 3372 3492 3554
       3810 3889 4009 4070 4256 4378 4495 4616 4736 4857 4978 5096
       5215 5336 5457 5575 5699 5819 5939 6059 6179 6300 6422 6509
       6577 6698 6881 6998 7117 7180 7369 7492 7610 7727 7849 7971
       8088 8331 8450 8568 8687 8804 8908 $
20   85 182 411 530 637 789 908 1023 1153 1317 1540 1620 1814 1939
       2100 2452 2660 2779 2900 3021 3141 3264 3383 3502 3619 3790
       3899 4019 4135 4266 4388 4505 4626 4746 4867 4988 5106 5225
       5346 5467 5586 5709 5829 5949 6069 6189 6310 6432 6548 6649
       6771 6891 7008 7127 7246 7380 7502 7621 7738 7859 7981 8099
       8220 8341 8460 8578 8697 8814 8900 $
21   92 249 418 537 664 796 915 1031 1144 1457 1547 1699 1821 1946
       2029 2558 2668 2787 2907 3028 3148 3271 3390 3509 3610 3739
       3906 4026 4126 4273 4395 4512 4633 4753 4874 4995 5113 5232
       5353 5474 5593 5716 5836 5956 6076 6196 6317 6439 6481 6656
       6778 6898 7015 7134 7237 7387 7509 7628 7745 7866 7988 8107
       8227 8348 8467 8585 8704 8821 8893 $
22   108 200 433 553 634 812 931 1046 1138 1263 1563 1617 1836 1962
       2109 2496 2684 2803 2923 3044 3164 3286 3406 3524 3606 3772
       3921 4041 4122 4288 4410 4527 4649 4768 4889 5010 5128 5247
       5368 5489 5609 5731 5851 5971 6091 6211 6332 6454 6495 6672
       6794 6912 7031 7150 7233 7403 7524 7644 7761 7881 8003 8124
       8242 8363 8482 8600 8719 8836 8889 $
23   51 274 371 495 627 755 874 987 1075 1271 1506 1779 1904 2063 2242
       2621 2740 2865 2986 3106 3224 3348 3464 3643 3745 3860 3980
       4159 4232 4348 4467 4592 4707 4827 4948 5068 5187 5306 5427
       5551 5669 5789 5909 6029 6149 6270 6392 6555 6615 6737 6857
       6974 7093 7270 7345 7462 7586 7703 7821 7942 8059 8182 8302
       8422 8539 8659 8775 8934 $
24   19 335 463 723 842 1475 1744 1873 1975 2584 2702 2833 2954 3074
       3189 3315 3429 3659 3665 3813 3825 3944 4174 4180 4200 4312
       4433 4560 4671 4792 4912 5033 5152 5271 5392 5518 5633 5754
       5874 5994 6114 6234 6356 6583 6706 6826 6942 7062 7286 7292
       7313 7426 7555 7673 7786 7906 8021 8148 8266 8387 8503 8624
       8742 8869 $
25   67 171 391 511 771 890 1006 1105 1393 1522 1667 1850 1920 2640
       2759 2881 3002 3122 3244 3364 3482 3557 3879 3999 4073 4248
       4368 4485 4608 4727 4847 4968 5086 5205 5326 5447 5567 5689
       5809 5929 6049 6169 6290 6412 6631 6753 6873 6990 7109 7183
       7361 7482 7602 7719 7839 7961 8078 8202 8321 8441 8559 8677
       8794 8915 $
26   86 412 531 587 790 909 1024 1541 1815 1940 1989 2661 2780 2901
       3022 3142 3265 3384 3503 3617 3706 3900 4020 4133 4267 4389
       4506 4627 4747 4868 4989 5107 5226 5347 5468 5587 5710 5830
       5950 6070 6190 6311 6433 6516 6650 6772 6892 7009 7128 7244
       7381 7503 7622 7739 7860 7982 8100 8221 8342 8461 8579 8698
       8815 8899 $
27   106 431 551 625 810 929 1044 1561 1834 1960 2093 2682 2801 2921
       3042 3162 3284 3404 3522 3604 3794 3919 4039 4120 4286 4408
       4525 4647 4766 4887 5008 5126 5245 5366 5487 5607 5729 5849
       5969 6089 6209 6330 6452 6552 6670 6792 6910 7029 7148 7231
       7401 7522 7642 7759 7879 8001 8122 8240 8361 8480 8598 8717
       8834 8887 $
28   54 374 498 758 877 990 1509 1782 1907 2070 2624 2743 2868 2989
       3109 3227 3351 3467 3640 3723 3863 3983 4156 4235 4351 4470
       4595 4710 4830 4951 5071 5190 5309 5430 5554 5672 5792 5912
       6032 6152 6273 6395 6551 6618 6740 6860 6977 7096 7267 7348
       7465 7589 7706 7824 7945 8062 8185 8305 8425 8542 8662 8778
       8931 $
29   62 384 506 766 885 999 1517 1792 1915 2419 2634 2753 2876 2997
       3117 3237 3359 3477 3627 3873 3993 4143 4243 4361 4480 4603
       4720 4840 4961 5081 5200 5319 5440 5562 5682 5802 5922 6042
       6162 6283 6405 6626 6748 6868 6985 7104 7254 7356 7475 7597
       7714 7834 7955 8072 8195 8315 8435 8552 8672 8788 8922 $
30   2 375 447 709 825 991 1463 1783 1857 2625 2744 2817 2946 3058
       3228 3308 3468 3636 3864 3984 4152 4186 4352 4471 4551 4711
       4831 4952 5072 5191 5310 5431 5504 5673 5793 5913 6033 6153
       6274 6396 6574 6695 6817 6933 7053 7263 7306 7466 7547 7659
       7825 7946 8063 8186 8306 8426 8543 8663 8779 8930 $
31   8 330 454 569 717 831 952 1458 1739 1867 2580 2697 2827 2936 3068
       3184 3302 3424 3563 3820 3939 4079 4193 4307 4428 4544 4666
       4787 4907 5028 5147 5266 5387 5511 5628 5749 5869 5989 6110
       6229 6351 6567 6688 6810 6926 7046 7189 7299 7421 7540 7781
       7901 8016 8143 8261 8382 8498 8619 8737 8872 $
32   15 331 459 719 838 953 1471 1740 1869 2581 2698 2829 2950 3070
       3185 3311 3425 3564 3821 3940 4080 4196 4308 4429 4556 4667
       4788 4908 5029 5148 5267 5388 5514 5629 5750 5870 5990 6111
       6230 6352 6579 6702 6822 6938 7058 7190 7309 7422 7551 7669
       7782 7902 8017 8144 8262 8383 8499 8620 8738 8871 $
33   26 343 470 730 849 963 1482 1752 1880 2592 2710 2840 2961 3081
       3197 3322 3437 3541 3833 3952 4056 4207 4320 4441 4567 4679
       4800 4920 5041 5160 5279 5400 5525 5641 5762 5882 6002 6122
       6242 6364 6590 6713 6833 6949 7069 7166 7320 7434 7562 7680
       7794 7914 8029 8156 8274 8395 8511 8632 8750 8861 $
34   29 347 473 733 852 966 1485 1756 1883 2596 2714 2843 2964 3084
       3201 3325 3441 3578 3837 3956 4094 4210 4324 4445 4570 4683
       4804 4924 5045 5164 5283 5404 5528 5645 5766 5886 6006 6126
       6246 6368 6593 6716 6836 6952 7072 7204 7323 7438 7565 7683
       7798 7918 8033 8160 8278 8399 8515 8636 8754 8857 $
35   30 348 474 734 853 967 1486 1757 1884 2597 2715 2844 2965 3085
       3202 3326 3442 3577 3838 3957 4093 4211 4325 4446 4571 4684
       4805 4925 5046 5165 5284 5405 5529 5646 5767 5887 6007 6127
       6247 6369 6594 6717 6837 6953 7073 7203 7324 7439 7566 7684
       7799 7919 8034 8161 8279 8400 8516 8637 8755 8856 $
36   31 349 475 735 854 968 1487 1758 1885 2598 2716 2845 2966 3086
       3203 3327 3443 3576 3839 3958 4092 4212 4326 4447 4572 4685
       4806 4926 5047 5166 5285 5406 5530 5647 5768 5888 6008 6128
       6248 6370 6595 6718 6838 6954 7074 7202 7325 7440 7567 7685
       7800 7920 8035 8162 8280 8401 8517 8638 8756 8855 $
37   34 351 478 738 857 971 1490 1760 1888 2601 2719 2848 2969 3089
       3205 3330 3445 3572 3841 3960 4088 4215 4328 4449 4575 4687
       4808 4928 5049 5168 5287 5408 5533 5649 5770 5890 6010 6130
       6250 6372 6598 6721 6841 6957 7077 7198 7328 7442 7570 7688
       7802 7922 8038 8164 8282 8403 8519 8640 8758 8852 $
38   55 376 499 759 878 992 1510 1784 1908 2626 2745 2869 2990 3110
       3229 3352 3469 3635 3865 3985 4151 4236 4353 4472 4596 4712
       4832 4953 5073 5192 5311 5432 5555 5674 5794 5914 6034 6154
       6275 6397 6619 6741 6861 6978 7097 7262 7349 7467 7590 7707
       7826 7947 8064 8187 8307 8427 8544 8664 8780 8929 $
39   59 381 503 763 882 996 1514 1789 1912 2631 2750 2873 2994 3114
       3234 3356 3474 3630 3870 3990 4146 4240 4358 4477 4600 4717
       4837 4958 5078 5197 5316 5437 5559 5679 5799 5919 6039 6159
       6280 6402 6623 6745 6865 6982 7101 7257 7353 7472 7594 7711
       7831 7952 8069 8192 8312 8432 8549 8669 8785 8925 $
40   60 382 504 764 883 997 1515 1790 1913 2632 2751 2874 2995 3115
       3235 3357 3475 3629 3871 3991 4145 4241 4359 4478 4601 4718
       4838 4959 5079 5198 5317 5438 5560 5680 5800 5920 6040 6160
       6281 6403 6624 6746 6866 6983 7102 7256 7354 7473 7595 7712
       7832 7953 8070 8193 8313 8433 8550 8670 8786 8924 $
41   64 387 508 768 887 1002 1519 1795 1917 2636 2755 2878 2999 3119
       3240 3361 3479 3626 3875 3995 4142 4245 4364 4481 4605 4723
       4843 4964 5082 5202 5322 5443 5564 5685 5805 5925 6045 6165
       6286 6408 6628 6750 6870 6987 7106 7253 7358 7478 7599 7716
       7836 7957 8074 8198 8317 8437 8555 8674 8791 8920 $
42   77 403 521 780 899 1015 1531 1806 1930 2651 2770 2891 3012 3132
       3256 3374 3494 3553 3891 4011 4069 4258 4380 4497 4618 4738
       4859 4980 5098 5217 5338 5459 5577 5701 5821 5941 6061 6181
       6302 6424 6640 6762 6883 7000 7119 7179 7371 7494 7612 7729
       7851 7973 8090 8212 8333 8452 8570 8689 8806 8906 $
43   79 405 524 783 902 1018 1534 1808 1933 2654 2773 2894 3015 3135
       3258 3377 3496 3552 3893 4013 4068 4260 4382 4499 4620 4740
       4861 4982 5100 5219 5340 5461 5580 5703 5823 5943 6063 6183
       6304 6426 6643 6765 6885 7002 7121 7178 7374 7496 7615 7732
       7853 7975 8093 8214 8335 8454 8572 8691 8808 8905 $
44   80 406 525 784 903 1019 1535 1809 1934 2655 2774 2895 3016 3136
       3259 3378 3497 3551 3894 4014 4067 4261 4383 4500 4621 4741
       4862 4983 5101 5220 5341 5462 5581 5704 5824 5944 6064 6184
       6305 6427 6644 6766 6886 7003 7122 7177 7375 7497 7616 7733
       7854 7976 8094 8215 8336 8455 8573 8692 8809 8904 $
45   81 407 526 785 904 1020 1536 1810 1935 2656 2775 2896 3017 3137
       3260 3379 3498 3660 3895 4015 4175 4262 4384 4501 4622 4742
       4863 4984 5102 5221 5342 5463 5582 5705 5825 5945 6065 6185
       6306 6428 6645 6767 6887 7004 7123 7287 7376 7498 7617 7734
       7855 7977 8095 8216 8337 8456 8574 8693 8810 8903 $
46   87 413 532 791 910 1025 1542 1816 1941 2662 2781 2902 3023 3143
       3266 3385 3504 3616 3901 4021 4132 4268 4390 4507 4628 4748
       4869 4990 5108 5227 5348 5469 5588 5711 5831 5951 6071 6191
       6312 6434 6651 6773 6893 7010 7129 7243 7382 7504 7623 7740
       7861 7983 8101 8222 8343 8462 8580 8699 8816 8898 $
47   91 417 536 795 914 1030 1546 1820 1945 2667 2786 2906 3027 3147
       3270 3389 3508 3611 3905 4025 4127 4272 4394 4511 4632 4752
       4873 4994 5112 5231 5352 5473 5592 5715 5835 5955 6075 6195
       6316 6438 6655 6777 6897 7014 7133 7238 7386 7508 7627 7744
       7865 7987 8106 8226 8347 8466 8584 8703 8820 8894 $
48   93 419 538 797 916 1032 1548 1822 1947 2669 2788 2908 3029 3149
       3272 3391 3510 3565 3907 4027 4081 4274 4396 4513 4634 4754
       4875 4996 5114 5233 5354 5475 5594 5717 5837 5957 6077 6197
       6318 6440 6657 6779 6899 7016 7135 7191 7388 7510 7629 7746
       7867 7989 8108 8228 8349 8468 8586 8705 8822 8892 $
49   96 422 541 800 919 1035 1551 1825 1950 2672 2791 2911 3032 3152
       3275 3394 3513 3566 3910 4030 4082 4277 4399 4516 4637 4757
       4878 4999 5117 5236 5357 5478 5597 5720 5840 5960 6080 6200
       6321 6443 6660 6782 6902 7019 7138 7192 7391 7513 7632 7749
       7870 7992 8111 8231 8352 8471 8589 8708 8825 8881 $
50   107 432 552 811 930 1045 1562 1835 1961 2683 2802 2922 3043 3163
       3285 3405 3523 3605 3920 4040 4121 4287 4409 4526 4648 4767
       4888 5009 5127 5246 5367 5488 5608 5730 5850 5970 6090 6210
       6331 6453 6671 6793 6911 7030 7149 7232 7402 7523 7643 7760
       7880 8002 8123 8241 8362 8481 8599 8718 8835 8888 $
51   112 436 557 815 935 1050 1567 1839 1966 2688 2807 2927 3048 3168
       3289 3410 3527 3609 3924 4043 4125 4291 4412 4530 4652 4771
       4892 5013 5131 5250 5371 5492 5613 5734 5854 5974 6094 6214
       6335 6457 6676 6798 6915 7034 7153 7236 7407 7527 7648 7765
       7884 8006 8128 8245 8366 8484 8603 8722 8839 8891 $
52   116 440 561 819 939 1054 1571 1843 1970 2692 2811 2931 3052 3172
       3293 3414 3531 3621 3928 4047 4137 4295 4416 4534 4656 4775
       4896 5017 5135 5254 5376 5496 5617 5738 5858 5978 6098 6218
       6339 6461 6680 6802 6919 7038 7157 7248 7411 7531 7652 7769
       7888 8010 8132 8249 8370 8488 8607 8726 8843 8877 $
53   7 416 452 714 830 1028 1469 1819 1863 2665 2784 2823 2940 3064
       3269 3303 3507 3612 3904 4024 4128 4191 4393 4510 4546 4751
       4872 4993 5111 5230 5351 5472 5509 5714 5834 5954 6074 6194
       6315 6437 6569 6690 6812 6928 7048 7239 7301 7507 7542 7664
       7864 7986 8225 8346 8465 8583 8702 8819 8895 $
54   23 339 467 727 846 1479 1748 1877 2588 2706 2837 2958 3078 3193
       3319 3433 3585 3829 3948 4101 4204 4316 4437 4564 4675 4796
       4916 5037 5156 5275 5396 5522 5637 5758 5878 5998 6118 6238
       6360 6587 6710 6830 6946 7066 7211 7317 7430 7559 7677 7790
       7910 8025 8152 8270 8391 8507 8628 8746 8864 $
55   25 342 469 729 848 962 1481 1751 1879 2591 2709 2839 2960 3080
       3196 3321 3436 3582 3832 3951 4098 4206 4319 4440 4566 4678
       4799 4919 5040 5159 5278 5399 5524 5640 5761 5881 6001 6121
       6241 6363 6589 6712 6832 6948 7068 7208 7319 7433 7561 7679
       7793 7913 8028 8155 8273 8394 8510 8631 8749 $
56   35 352 479 739 858 972 1491 1761 1868 2602 2720 2849 2970 3090
       3206 3331 3446 3579 3842 3961 4095 4216 4329 4450 4576 4688
       4809 4929 5050 5169 5288 5409 5534 5650 5771 5891 6011 6131
       6251 6373 6599 6699 6958 7078 7205 7329 7443 7550 7668 7803
       7923 8039 8165 8283 8404 8520 8641 8759 8851 $
57   44 363 488 748 867 980 1500 1772 1897 2613 2732 2858 2979 3099
       3216 3341 3456 3652 3852 3972 4167 4225 4340 4460 4585 4699
       4819 4940 5060 5179 5298 5419 5544 5661 5781 5901 6021 6141
       6262 6384 6608 6730 6850 6967 7086 7338 7454 7579 7697 7813
       7934 8051 8174 8294 8414 8531 8651 8769 8948 $
58   89 415 534 793 912 1027 1544 1818 1943 2664 2783 2904 3025 3145
       3268 3387 3506 3613 3903 4023 4129 4270 4392 4509 4630 4750
       4871 4992 5110 5229 5350 5471 5590 5713 5833 5953 6073 6193
       6314 6436 6653 6775 6895 7012 7131 7240 7384 7506 7625 7742
       7863 7985 8224 8345 8464 8582 8701 8818 8896 $
59   94 420 539 798 917 1033 1549 1823 1948 2670 2789 2909 3030 3150
       3273 3392 3511 3669 3908 4028 4183 4275 4397 4514 4635 4755
       4876 4997 5115 5234 5355 5476 5595 5718 5838 5958 6078 6198
       6319 6441 6658 6780 6900 7017 7136 7295 7389 7511 7630 7747
       7868 7990 8109 8229 8350 8469 8587 8706 8823 $
60   114 438 559 817 937 1052 1569 1841 1968 2690 2809 2929 3050 3170
       3291 3412 3529 3664 3926 4045 4179 4293 4414 4532 4654 4773
       4894 5015 5133 5252 5373 5494 5615 5736 5856 5976 6096 6216
       6337 6459 6678 6800 6917 7036 7155 7291 7409 7529 7650 7767
       7886 8008 8130 8247 8368 8486 8605 8724 8841 $
61   120 444 565 943 1058 1575 1847 1974 2696 2815 2935 3056 3176 3297
       3418 3535 3561 3931 4050 4077 4299 4420 4538 4660 4779 4900
       5021 5139 5258 5380 5500 5621 5742 5862 5982 6102 6222 6343
       6465 6684 6806 6923 7042 7161 7187 7415 7535 7656 7773 7892
       8014 8136 8253 8374 8491 8611 8730 8847 8873 $
62   40 359 484 744 863 978 1496 1768 1893 2609 2728 2854 2975 3095
       3212 3337 3452 3539 3848 3968 4054 4221 4336 4456 4581 4695
       4815 4936 5056 5175 5294 5415 5540 5657 5777 5897 6017 6137
       6258 6380 6604 6726 6846 6963 7164 7334 7450 7575 7693 7809
       7930 8047 8172 8290 8410 8527 8647 8765 $
63   95 421 540 799 918 1034 1550 1824 1949 2535 2671 2790 2910 3031
       3151 3274 3393 3512 3909 4029 4276 4398 4515 4636 4756 4877
       4998 5116 5235 5356 5477 5596 5719 5839 5959 6079 6199 6320
       6442 6659 6781 6901 7018 7137 7390 7512 7631 7748 7869 7991
       8110 8230 8351 8470 8588 8707 8824 8880 $
64   0 329 446 711 823 969 1459 1733 1859 2819 2944 3060 3177 3309
       3423 3574 3819 3938 4090 4185 4306 4427 4553 4661 4786 4902
       5027 5146 5262 5382 5503 5627 5748 5868 5988 6109 6228 6350
       6575 6696 6819 6935 7055 7200 7307 7416 7548 7658 7774 7895
       8036 8137 8255 8381 8497 8613 8848 $
65   14 325 453 707 837 1007 1467 1737 1855 2128 2642 2761 2828 2949
       3069 3182 3419 3815 3934 4192 4301 4422 4545 4665 4782 4906
       5023 5142 5264 5386 5510 5623 5744 5864 5984 6105 6224 6346
       6568 6689 6811 6927 7047 7300 7420 7541 7665 7779 7899 8080
       8141 8259 8377 8493 8617 8733 8914 $
66   22 338 466 726 845 959 1478 1747 1876 2587 2705 2836 2957 3077
       3192 3318 3432 3828 3947 4203 4315 4436 4563 4674 4795 4915
       5036 5155 5274 5395 5521 5636 5757 5877 5997 6117 6237 6359
       6586 6709 6829 6945 7065 7316 7429 7558 7676 7789 7909 8024
       8151 8269 8390 8506 8627 8745 8865 $
67   24 341 468 728 847 961 1480 1750 1878 2590 2708 2838 2959 3079
       3195 3320 3435 3831 3950 4205 4318 4439 4565 4677 4798 4918
       5039 5158 5277 5398 5523 5639 5760 5880 6000 6120 6240 6362
       6588 6711 6831 6947 7067 7318 7432 7560 7678 7792 7912 8027
       8154 8272 8393 8509 8630 8748 8862 $
68   28 346 472 732 851 948 1484 1755 1882 2595 2713 2842 2963 3083
       3200 3324 3440 3836 3955 4209 4323 4444 4569 4682 4803 4923
       5044 5163 5282 5403 5527 5644 5765 5885 6005 6125 6245 6367
       6592 6715 6835 6951 7071 7322 7437 7564 7682 7797 7917 8032
       8159 8277 8398 8514 8635 8753 8858 $
69   48 367 492 752 871 984 1503 1775 1901 2617 2736 2862 2983 3103
       3220 3345 3460 3856 3976 4229 4344 4463 4589 4703 4823 4944
       5064 5183 5302 5423 5548 5665 5785 5905 6025 6145 6266 6388
       6612 6734 6854 6971 7090 7342 7458 7583 7700 7817 7938 8055
       8178 8298 8418 8535 8655 8771 8938 $
70   49 368 493 753 872 985 1504 1776 1902 2618 2737 2863 2984 3104
       3221 3346 3461 3857 3977 4230 4345 4464 4590 4704 4824 4945
       5065 5184 5303 5424 5549 5666 5786 5906 6026 6146 6267 6389
       6613 6735 6855 6972 7091 7343 7459 7584 7701 7818 7939 8056
       8179 8299 8419 8536 8656 8772 8937 $
71   50 370 494 754 873 986 1505 1778 1903 2620 2739 2864 2985 3105
       3223 3347 3463 3859 3979 4231 4347 4466 4591 4706 4826 4947
       5067 5186 5305 5426 5550 5668 5788 5908 6028 6148 6269 6391
       6614 6736 6856 6973 7092 7344 7461 7585 7702 7820 7941 8058
       8181 8301 8421 8538 8658 8774 8935 $
72   52 372 496 756 875 988 1507 1780 1905 2622 2741 2866 2987 3107
       3225 3349 3465 3861 3981 4233 4349 4468 4593 4708 4828 4949
       5069 5188 5307 5428 5552 5670 5790 5910 6030 6150 6271 6393
       6616 6738 6858 6975 7094 7346 7463 7587 7704 7822 7943 8060
       8183 8303 8423 8540 8660 8776 8933 $
73   53 373 497 757 876 989 1508 1781 1906 2623 2742 2867 2988 3108
       3226 3350 3466 3862 3982 4234 4350 4469 4594 4709 4829 4950
       5070 5189 5308 5429 5553 5671 5791 5911 6031 6151 6272 6394
       6617 6739 6859 6976 7095 7347 7464 7588 7705 7823 7944 8061
       8184 8304 8424 8541 8661 8777 8932 $
74   56 377 500 760 879 993 1511 1785 1909 2627 2746 2870 2991 3111
       3230 3353 3470 3866 3986 4237 4354 4473 4597 4713 4833 4954
       5074 5193 5312 5433 5556 5675 5795 5915 6035 6155 6276 6398
       6620 6742 6862 6979 7098 7350 7468 7591 7708 7827 7948 8065
       8188 8308 8428 8545 8665 8781 8928 $
75   57 378 501 761 880 994 1512 1786 1910 2628 2747 2871 2992 3112
       3231 3354 3471 3867 3987 4238 4355 4474 4598 4714 4834 4955
       5075 5194 5313 5434 5557 5676 5796 5916 6036 6156 6277 6399
       6621 6743 6863 6980 7099 7351 7469 7592 7709 7828 7949 8066
       8189 8309 8429 8546 8666 8782 8927 $
76   65 389 509 769 888 1004 1520 1797 1918 2638 2757 2879 3000 3120
       3242 3362 3480 3877 3997 4246 4366 4483 4606 4725 4845 4966
       5084 5203 5324 5445 5565 5687 5807 5927 6047 6167 6288 6410
       6629 6751 6871 6988 7107 7359 7480 7600 7717 7837 7959 8076
       8200 8319 8439 8557 8675 8792 8918 $
77   68 392 512 772 891 1008 1523 1851 1921 2643 2762 2882 3003 3123
       3245 3365 3483 3880 4000 4249 4369 4486 4609 4728 4848 4969
       5087 5206 5327 5448 5568 5690 5810 5930 6050 6170 6291 6413
       6632 6754 6874 6991 7110 7362 7483 7603 7720 7840 7962 8081
       8203 8322 8442 8560 8678 8795 8913 $
78   76 402 520 779 898 1014 1530 1805 1929 2650 2769 2890 3011 3131
       3255 3373 3493 3890 4010 4257 4379 4496 4617 4737 4858 4979
       5097 5216 5337 5458 5576 5700 5820 5940 6060 6180 6301 6423
       6639 6761 6882 6999 7118 7370 7493 7611 7728 7850 7972 8089
       8211 8332 8451 8569 8688 8805 8907 $
79   82 408 527 786 905 1021 1537 1811 1936 2657 2776 2897 3018 3138
       3261 3380 3499 3896 4016 4263 4385 4502 4623 4743 4864 4985
       5103 5222 5343 5464 5583 5706 5826 5946 6066 6186 6307 6429
       6646 6768 6888 7005 7124 7377 7499 7618 7735 7856 7978 8096
       8217 8338 8457 8575 8694 8811 8902 $
80   83 409 528 787 906 944 1538 1812 1937 2658 2777 2898 3019 3139
       3262 3381 3500 3897 4017 4264 4386 4503 4624 4744 4865 4986
       5104 5223 5344 5465 5584 5707 5827 5947 6067 6187 6308 6430
       6647 6769 6889 7006 7125 7378 7500 7619 7736 7857 7979 8097
       8218 8339 8458 8576 8695 8812 8953 $
81   97 423 542 801 920 1036 1552 1826 1951 2673 2792 2912 3033 3153
       3276 3395 3514 3911 4031 4278 4400 4517 4638 4758 4879 5000
       5118 5237 5358 5479 5598 5721 5841 5961 6081 6201 6322 6444
       6661 6783 6903 7020 7139 7392 7514 7633 7750 7871 7993 8112
       8232 8353 8472 8590 8709 8826 8882 $
82   99 425 544 803 922 1038 1554 1828 1953 2675 2794 2914 3035 3155
       3278 3397 3516 3913 4033 4280 4402 4519 4640 4760 4881 5002
       5120 5239 5360 5481 5600 5723 5843 5963 6083 6203 6324 6446
       6663 6785 6905 7022 7141 7394 7516 7635 7752 7873 7995 8114
       8234 8355 8474 8592 8711 8828 8883 $
83   115 439 560 818 938 1570 1842 1969 2691 2810 2930 3051 3171 3292
       3413 3530 3927 4046 4294 4415 4533 4655 4774 4895 5016 5134
       5253 5375 5495 5616 5737 5857 5977 6097 6217 6338 6460 6679
       6801 6918 7037 7156 7410 7530 7651 7768 7887 8009 8131 8248
       8369 8487 8606 8725 8842 8878 8879 $
84   5 328 450 710 828 947 1466 1734 1858 2641 2760 2818 2945 3059
       3179 3305 3422 3818 3937 4189 4304 4425 4548 4662 4785 4903
       5026 5145 5263 5383 5507 5626 5747 5867 5987 6108 6227 6349
       6571 6692 6814 6930 7050 7303 7417 7544 7662 7776 7896 8079
       8138 8256 8380 8496 8614 8736 $
85   6 430 451 829 1043 1470 1833 1864 2681 2800 2824 2939 3065 3283
       3304 3521 3918 4038 4190 4407 4524 4547 4765 4886 5007 5125
       5244 5365 5486 5508 5728 5848 5968 6088 6208 6329 6451 6570
       6691 6813 6929 7049 7302 7521 7543 7663 7878 8000 8121 8239
       8360 8479 8597 8716 8833 8886 $
86   9 369 455 713 832 1462 1777 1861 2619 2738 2821 2942 3062 3222
       3301 3462 3858 3978 4194 4346 4465 4543 4705 4825 4946 5066
       5185 5304 5425 5512 5667 5787 5907 6027 6147 6268 6390 6566
       6687 6809 6925 7045 7298 7460 7539 7666 7819 7940 8057 8180
       8300 8420 8537 8657 8773 8936 $
87   12 404 522 781 900 1016 1532 1807 1931 2652 2771 2892 3013 3133
       3257 3375 3495 3892 4012 4259 4381 4498 4619 4739 4860 4981
       5099 5218 5339 5460 5578 5702 5822 5942 6062 6182 6303 6425
       6641 6763 6884 7001 7120 7372 7495 7613 7730 7852 7974 8091
       8213 8334 8453 8571 8690 8807 $
88   16 332 460 720 839 954 1472 1741 1870 2582 2699 2830 2951 3071
       3186 3312 3426 3822 3941 4197 4309 4430 4557 4668 4789 4909
       5030 5149 5268 5389 5515 5630 5751 5871 5991 6112 6231 6353
       6580 6703 6823 6939 7059 7310 7423 7552 7670 7783 7903 8018
       8145 8263 8384 8500 8621 8739 $
89   45 364 489 749 868 981 1501 1773 1898 2614 2733 2859 2980 3100
       3217 3342 3457 3853 3973 4226 4341 4461 4586 4700 4820 4941
       5061 5180 5299 5420 5545 5662 5782 5902 6022 6142 6263 6385
       6609 6731 6851 6968 7087 7339 7455 7580 7698 7814 7935 8052
       8175 8295 8415 8532 8652 8941 $
90   58 379 502 762 881 995 1513 1787 1911 2629 2748 2872 2993 3113
       3232 3355 3472 3868 3988 4239 4356 4475 4599 4715 4835 4956
       5076 5195 5314 5435 5558 5677 5797 5917 6037 6157 6278 6400
       6622 6744 6864 6981 7100 7352 7470 7593 7710 7829 7950 8067
       8190 8310 8430 8547 8667 8783 $
91   69 393 513 773 892 1009 1524 1852 1922 2644 2763 2883 3004 3124
       3246 3366 3484 3881 4001 4250 4370 4487 4610 4729 4849 4970
       5088 5207 5328 5449 5569 5691 5811 5931 6051 6171 6292 6414
       6633 6755 6875 6992 7111 7363 7484 7604 7721 7841 7963 8082
       8323 8443 8561 8679 8796 8912 $
92   72 396 516 895 1010 1526 1799 1925 2646 2765 2886 3007 3127 3249
       3369 3487 3884 4004 4253 4373 4490 4613 4732 4852 4973 5091
       5210 5331 5452 5572 5694 5814 5934 6054 6174 6295 6417 6636
       6758 6878 6995 7114 7366 7487 7607 7724 7844 7966 8085 8206
       8326 8446 8564 8682 8799 8910 $
93   73 398 517 776 896 1011 1527 1801 1926 2647 2766 2887 3008 3128
       3251 3370 3489 3886 4006 4254 4375 4492 4614 4733 4854 4975
       5093 5212 5333 5454 5573 5696 5816 5936 6056 6176 6297 6419
       6637 6759 6879 6996 7115 7367 7489 7608 7725 7846 7968 8086
       8208 8328 8447 8565 8684 8801 $
94   74 399 518 777 897 1012 1528 1802 1927 2648 2767 2888 3009 3129
       3252 3371 3490 3887 4007 4255 4376 4493 4615 4734 4855 4976
       5094 5213 5334 5455 5574 5697 5817 5937 6057 6177 6298 6420
       6638 6760 6880 6997 7116 7368 7490 7609 7726 7847 7969 8087
       8209 8329 8448 8566 8685 8802 $
95   90 327 535 794 913 1029 1545 1735 1944 2666 2785 2905 3026 3146
       3180 3388 3421 3817 3936 4271 4303 4424 4631 4663 4784 4904
       5025 5144 5265 5384 5591 5625 5746 5866 5986 6107 6226 6348
       6654 6776 6896 7013 7132 7385 7418 7626 7743 7777 7897 8105
       8139 8257 8379 8495 8615 8735 $
96   98 424 543 802 921 1037 1553 1827 1952 2674 2793 2913 3034 3154
       3277 3396 3515 3912 4032 4279 4401 4518 4639 4759 4880 5001
       5119 5238 5359 5480 5599 5722 5842 5962 6082 6202 6323 6445
       6662 6784 6904 7021 7140 7393 7515 7634 7751 7872 7994 8113
       8233 8354 8473 8591 8710 8827 $
97   100 426 545 804 923 1039 1555 1829 1954 2676 2795 2915 3036 3156
       3279 3398 3517 3914 4034 4281 4403 4520 4641 4761 4882 5003
       5121 5240 5361 5482 5601 5724 5844 5964 6084 6204 6325 6447
       6664 6786 6906 7023 7142 7395 7517 7636 7753 7874 7996 8115
       8235 8356 8475 8593 8712 8829 $
98   105 429 550 809 928 946 1560 1832 1959 2680 2799 2920 3041 3161
       3282 3403 3520 3917 4037 4285 4406 4523 4646 4764 4885 5006
       5124 5243 5364 5485 5606 5727 5847 5967 6087 6207 6328 6450
       6669 6791 6909 7028 7147 7400 7520 7641 7758 7877 7999 8120
       8238 8359 8478 8596 8715 8832 $
99   113 437 558 816 936 1051 1568 1840 1967 2689 2808 2928 3049 3169
       3290 3411 3528 3925 4044 4292 4413 4531 4653 4772 4893 5014
       5132 5251 5372 5493 5614 5735 5855 5975 6095 6215 6336 6458
       6677 6799 6916 7035 7154 7408 7528 7649 7766 7885 8007 8129
       8246 8367 8485 8604 8723 8840 $
100  4 355 449 712 827 974 1461 1764 1860 2605 2724 2820 2943 3061
       3208 3306 3448 3844 3964 4188 4332 4452 4549 4691 4811 4932
       5052 5171 5290 5411 5506 5653 5773 5893 6013 6133 6254 6376
       6572 6693 6815 6931 7051 7304 7446 7545 7661 7805 7926 8168
       8286 8406 8523 8643 8761 $
101  17 333 461 721 840 955 1473 1742 1871 2583 2700 2831 2952 3072
       3187 3313 3427 3823 3942 4198 4310 4431 4558 4669 4790 4910
       5031 5150 5269 5390 5516 5631 5752 5872 5992 6232 6354 6581
       6704 6824 6940 7060 7311 7424 7553 7671 7784 7904 8019 8146
       8264 8385 8501 8622 8740 $
102  42 361 486 746 865 979 1498 1770 1895 2611 2730 2856 2977 3097
       3214 3339 3454 3850 3970 4223 4338 4458 4583 4697 4817 4938
       5058 5177 5296 5417 5542 5659 5779 5899 6019 6139 6260 6382
       6606 6728 6848 6965 7084 7336 7452 7577 7695 7811 7932 8049
       8292 8412 8529 8649 8767 $
103  47 366 491 751 870 983 1502 1849 1900 2616 2735 2861 2982 3102
       3219 3344 3459 3855 3975 4228 4343 4588 4702 4822 4943 5063
       5182 5301 5422 5547 5664 5784 5904 6024 6144 6265 6387 6611
       6733 6853 6970 7089 7341 7457 7582 7699 7816 7937 8054 8177
       8297 8417 8534 8654 8770 $
104  102 326 547 806 925 1040 1557 1736 1956 2677 2796 2917 3038 3158
       3181 3400 3420 3816 3935 4282 4302 4423 4643 4664 4783 4905
       5024 5143 5261 5385 5603 5624 5745 5865 5985 6106 6225 6347
       6666 6788 7025 7144 7397 7419 7638 7755 7778 7898 8117 8140
       8258 8378 8494 8616 8734 $
105  103 427 548 807 926 1041 1558 1830 1957 2678 2797 2918 3039 3159
       3280 3401 3518 3915 4035 4283 4404 4521 4644 4762 4883 5004
       5122 5241 5362 5483 5604 5725 5845 5965 6085 6205 6326 6448
       6667 6789 7026 7145 7398 7518 7639 7756 7875 7997 8118 8236
       8357 8476 8594 8713 8830 $
106  46 365 490 750 869 982 1774 1899 2615 2734 2860 2981 3101 3218
       3343 3458 3854 3974 4227 4342 4462 4587 4701 4821 4942 5062
       5181 5300 5421 5546 5663 5783 5903 6023 6143 6264 6386 6610
       6732 6852 6969 7088 7340 7456 7581 7815 7936 8053 8176 8296
       8416 8533 8653 8940 $
107  70 394 514 774 893 1853 1923 2645 2764 2884 3005 3125 3247 3367
       3485 3882 4002 4251 4371 4488 4611 4730 4850 4971 5089 5208
       5329 5450 5570 5692 5812 5932 6052 6172 6293 6415 6634 6756
       6876 6993 7112 7364 7485 7605 7722 7842 7964 8083 8204 8324
       8444 8562 8680 8797 $
108  117 441 562 820 940 1055 1572 1844 1971 2693 2812 2932 3053 3173
       3294 3415 3532 4296 4417 4535 4657 4776 4897 5018 5136 5255
       5377 5497 5618 5739 5859 5979 6099 6219 6340 6462 6681 6803
       6920 7039 7158 7412 7532 7653 7770 7889 8011 8133 8250 8371
       8608 8727 8844 8876 $
109  11 388 457 834 1003 1465 1796 1862 2637 2756 2822 2941 3063 3241
       3299 3625 3876 3996 4141 4365 4482 4542 4724 4844 4965 5083
       5323 5444 5513 5686 5806 5926 6046 6166 6287 6409 6564 6685
       6807 6924 7043 7252 7296 7479 7537 7667 7958 8075 8199 8318
       8438 8556 8919 $
110  71 395 515 775 894 1525 1854 1924 2885 3006 3126 3248 3368 3486
       3883 4003 4252 4372 4489 4612 4731 4851 4972 5090 5209 5330
       5451 5571 5693 5813 5933 6053 6173 6294 6416 6635 6757 6877
       6994 7113 7365 7486 7606 7723 7843 7965 8084 8205 8325 8445
       8563 8681 8798 $
111  111 435 556 934 1049 1566 1838 1965 2687 2806 2926 3047 3167 3288
       3409 3526 3923 4290 4529 4651 4770 4891 5012 5130 5249 5370
       5491 5612 5733 5853 5973 6093 6213 6334 6456 6675 6797 6914
       7033 7152 7406 7526 7647 7764 7883 8005 8127 8244 8365 8602
       8721 8838 8952 $
112  3 400 448 708 826 1468 1803 1856 2816 2947 3057 3253 3307 3491
       3888 4008 4187 4377 4494 4550 4735 4856 4977 5095 5214 5335
       5456 5505 5698 5818 5938 6058 6178 6299 6421 6573 6694 6816
       6932 7052 7305 7491 7546 7660 7848 7970 8210 8330 8449 8567
       8686 8803 $
113  32 476 736 855 1488 1848 1886 2717 2846 2967 3087 3298 3328 3932
       4051 4213 4421 4539 4573 4780 4901 5022 5140 5259 5381 5501
       5531 5743 5863 5983 6103 6223 6344 6466 6596 6719 6839 6955
       7075 7326 7536 7568 7686 7893 8015 8254 8375 8492 8612 8731
       8849 8854 $
114  63 386 507 767 886 1001 1518 1794 1916 2635 2754 2877 2998 3118
       3239 3360 3478 3615 4131 4244 4363 4540 4604 4722 4842 4963
       5201 5321 5442 5563 5684 5804 5924 6164 6285 6407 6627 6749
       6869 6986 7105 7242 7357 7477 7598 7715 7835 8073 8197 8554
       8790 8921 $
115  13 345 458 836 965 1754 2594 2712 2948 3199 3439 3835 3954 4195
       4322 4443 4681 4802 4922 5043 5162 5281 5402 5643 5764 5884
       6004 6124 6244 6366 6578 7436 7796 7916 8031 8158 8276 8397
       8513 8634 8752 8859 $
116  340 718 1749 2589 2707 3194 3434 3584 3830 3949 4100 4317 4438
       4676 4797 4917 5038 5157 5276 5397 5638 5759 5879 5999 6119
       6239 6361 7210 7431 7791 7911 8026 8153 8271 8392 8508 8629
       8747 8863 $
117  380 1788 2630 2749 3233 3473 3631 3869 3989 4147 4357 4476 4716
       4836 4957 5077 5196 5315 5436 5678 5798 5918 6038 6158 6279
       6401 7258 7471 7830 7951 8068 8191 8311 8431 8548 8668 8784
       8926 $
118  10 324 456 716 833 950 1460 1738 1866 2603 2721 2826 2937 3067
       3183 3300 3814 3933 4300 4781 5622 6104 6345 6565 6686 6808
       7044 7297 7538 7780 7900 8142 8260 8376 8618 8951 $
119  397 1800 1983 1991 3250 3488 3592 3750 3885 4005 4108 4374 4491
       4853 4974 5092 5211 5332 5453 5695 5815 5935 6055 6175 6296
       6418 7219 7488 7845 7967 8207 8327 8683 8800 $
120  78 523 782 901 1017 1533 1932 2653 2772 2893 3014 3134 3376 3536
       4541 4554 5260 5579 6473 6642 6764 6820 6936 7056 7373 7614
       7731 7894 8092 8732 8850 $
121  125 127 185 186 214 215 229 293 1098 1115 1166 1176 1202 1229
       1231 1272 1334 1340 1367 1395 1420 1442 1444 1659 1714 2503
       2504 2506 2518 $
122  385 1000 1793 3238 3874 3994 4362 4721 4841 4962 5320 5441 5683
       5803 5923 6043 6163 6284 6406 6700 6701 7476 7956 8196 8316
       8436 8553 8673 8789 $
123  1 445 715 824 949 1464 1865 2825 2938 3066 3178 3310 4184 4305
       4426 4552 5502 6576 6697 6818 6934 7054 7308 7549 7657 7775 $
124  109 554 813 932 1047 1564 1963 2685 2804 2924 3045 3165 3407 4555
       5610 6673 6795 6821 6937 7057 7404 7645 7762 8125 $
125  101 546 805 924 1556 1955 2916 3037 3157 3399 4642 5602 6665 6787
       6907 7024 7143 7396 7637 7754 8116 $
126  290 601 1145 1375 2022 2050 2053 2082 2099 2106 2107 2442 2500
       3681 3690 3762 3775 3780 3788 3793 6487 $
127  241 298 315 1065 1189 1206 1233 1267 1384 1434 1454 1595 1623
       1665 1689 2323 $
128  1175 1419 2429 2430 2435 2444 2460 2461 2474 2495 2505 2507 2508
       2532 2549 $
129  208 1117 1140 1178 1576 1605 1658 1693 1701 1709 1725 1732 $
130  2151 2152 2153 2154 2156 2157 2158 2160 2376 2377 2378 $
131  209 250 1062 1295 1296 1331 1332 1435 1437 1452 $
132  246 662 1194 1455 1660 2095 2182 2408 3783 6468 $
133  2134 2135 2136 2189 2190 2193 2194 2195 2197 2379 $
134  151 621 1191 1343 1622 2113 2375 3773 6506 $
135  220 282 1111 1417 1639 2119 2188 2457 3805 $
136  221 1215 1361 1682 2016 3598 3674 4114 7225 $
137  2438 2472 2473 2513 2514 2515 2540 2541 2542 $
138  3542 3655 3663 4057 4170 4178 7167 7282 7290 $
139  3596 3661 3662 4112 4176 4177 7223 7288 7289 $
140  192 697 1084 1298 1643 2258 2565 6521 $
141  277 1122 1252 1582 2017 2322 2433 3675 $
142  305 1072 1085 1151 1163 1212 1322 1406 $
143  1986 2059 2074 3569 3680 3764 4085 7195 $
144  2015 3549 3601 3691 4065 4117 7175 7228 $
145  2207 2208 2209 2210 2211 2212 2213 2217 $
146  190 219 1077 1158 1159 1188 1388 $
147  210 265 1147 1249 1416 1686 2336 $
148  303 1094 1405 1680 2114 2478 3803 $
149  312 609 1165 1387 1692 2546 6529 $
150  567 2021 3537 3679 4052 6519 7162 $
151  568 642 643 644 645 646 691 $
152  583 1082 1602 2123 2464 3672 6511 $
153  590 591 592 594 595 597 598 $
154  611 3597 3656 4113 4171 7224 7283 $
155  690 1310 2064 2470 2560 3746 6541 $
156  2453 2455 2522 2523 2561 2562 2563 $
157  3651 3658 4166 4173 7278 7279 7285 $
158  169 198 203 267 1088 1354 $
159  176 1193 1294 1676 2241 2545 $
160  187 188 1097 1377 1649 2238 $
161  196 1164 1333 1691 2265 2410 $
162  207 1141 1287 1677 2320 2566 $
163  211 1228 1358 1702 2337 2471 $
164  216 1236 1283 1695 2237 2509 $
165  225 579 1203 1675 2485 6471 $
166  289 1204 1315 1385 1678 2451 $
167  299 1104 1305 1724 2309 2559 $
168  301 1089 1220 1307 1581 1679 $
169  302 1155 1309 1399 1640 1727 $
170  570 1230 1592 2034 3697 6493 $
171  576 2033 2493 2512 3699 6500 $
172  704 1092 1584 2054 3760 6496 $
173  2214 2215 2350 2391 2392 2393 $
174  121 261 262 1300 1360 $
175  123 1187 1258 1690 2533 $
176  124 1169 1376 1707 2428 $
177  129 1251 3555 4071 7181 $
178  135 1208 1338 1715 2483 $
179  137 1224 1448 1589 2443 $
180  205 1162 1285 1674 2431 $
181  206 1078 1079 1286 1673 $
182  224 1090 1647 2458 2465 $
183  232 1080 1323 1726 2449 $
184  237 2502 3556 4072 7182 $
185  242 1190 1257 1637 2321 $
186  256 1179 1429 1708 2421 $
187  266 1205 1281 1713 2349 $
188  268 1114 1397 1644 2575 $
189  270 1182 1428 1720 2450 $
190  271 1108 1308 1651 2185 $
191  281 1157 1430 1653 2469 $
192  294 1370 1373 1379 2422 $
193  297 1093 1273 1585 2288 $
194  304 1087 1247 1583 2245 $
195  313 1180 1386 1687 2231 $
196  317 1184 1243 1722 2529 $
197  631 1995 2412 3713 6528 $
198  640 670 671 672 673 $
199  661 1988 2038 2102 3789 $
200  1198 1262 1711 1994 3714 $
201  2088 3618 3798 4134 7245 $
202  128 1160 1451 2177 $
203  132 1303 1353 1413 $
204  138 1066 1447 1704 $
205  144 1246 1321 1436 $
206  162 1121 1424 1631 $
207  164 1219 1423 1656 $
208  184 1119 1312 1683 $
209  194 1076 1604 2358 $
210  227 1081 1440 1672 $
211  240 1161 1362 1710 $
212  244 1132 1381 1619 $
213  255 1146 1404 1664 $
214  279 1099 1278 1729 $
215  280 1071 1431 1609 $
216  295 1172 1250 1636 $
217  322 1095 1260 1681 $
218  323 1214 1259 1728 $
219  354 6375 8167 8522 $
220  588 2080 3778 6518 $
221  622 1979 2466 3808 $
222  626 2020 3677 6554 $
223  658 2028 3695 6562 $
224  680 2120 3804 6482 $
225  692 2076 3767 6539 $
226  1993 1998 3708 3749 $
227  2009 2045 3719 3729 $
228  2036 2116 3740 3801 $
229  2048 2058 3726 3755 $
230  2150 3550 4066 7176 $
231  2279 2281 2283 2286 $
232  2352 2354 2356 2373 $
233  3593 4109 6474 7220 $
234  148 1074 1612 $
235  173 1291 1590 $
236  197 1328 2476 $
237  213 1411 1591 $
238  235 1128 1593 $
239  236 1226 1614 $
240  310 1439 2445 $
241  320 1301 1696 $
242  321 1302 2511 $
243  575 2011 6501 $
244  608 2125 6530 $
245  620 2122 3673 $
246  1070 1606 1608 $
247  1118 1624 2332 $
248  1218 1657 2331 $
249  1223 1588 2326 $
250  2019 2061 3743 $
251  2079 3722 3771 $
252  2280 2282 2285 $
253  2353 2355 2357 $
254  2386 2387 2388 $
255  2394 2395 2396 $
256  3538 4053 7163 $
257  3543 4058 7168 $
258  3545 4061 7171 $
259  3546 4062 7172 $
260  3548 4064 7174 $
261  3558 4074 7184 $
262  3559 4075 7185 $
263  3560 4076 7186 $
264  3562 4078 7188 $
265  3567 4083 7193 $
266  3570 4086 7196 $
267  3571 4087 7197 $
268  3575 4091 7201 $
269  3580 4096 7206 $
270  3583 4099 7209 $
271  3586 4102 7212 $
272  3589 4105 7215 $
273  3590 4106 7217 $
274  3591 4107 7218 $
275  3595 4111 7222 $
276  3599 4115 7226 $
277  3600 4116 7227 $
278  3602 4118 7229 $
279  3622 4138 7249 $
280  3623 4139 7250 $
281  3624 4140 7251 $
282  3632 4148 7259 $
283  3633 4149 7260 $
284  3634 4150 7261 $
285  3637 4153 7264 $
286  3638 4154 7265 $
287  3639 4155 7266 $
288  3641 4157 7268 $
289  3642 4158 7269 $
290  3644 4160 7271 $
291  3646 4161 7273 $
292  3647 4162 7274 $
293  3648 4163 7275 $
294  3649 4164 7276 $
295  3650 4165 7277 $
296  3666 4181 7293 $
297  4059 7169 8916 $
298  122 1133 $
299  130 1450 $
300  134 1391 $
301  136 1060 $
302  140 1392 $
303  145 1368 $
304  147 1345 $
305  154 1341 $
306  160 1427 $
307  163 1237 $
308  165 1422 $
309  168 1225 $
310  170 1415 $
311  172 1293 $
312  175 1288 $
313  180 1320 $
314  181 1319 $
315  189 1123 $
316  212 1342 $
317  217 1284 $
318  218 1408 $
319  222 1326 $
320  226 1256 $
321  231 1199 $
322  233 1244 $
323  238 1364 $
324  239 1363 $
325  251 1372 $
326  259 1443 $
327  260 1438 $
328  263 1445 $
329  275 1270 $
330  283 1261 $
331  286 1240 $
332  287 1421 $
333  292 1371 $
334  300 1235 $
335  306 1113 $
336  307 1410 $
337  316 1268 $
338  318 1245 $
339  319 1314 $
340  573 6502 $
341  578 6472 $
342  580 6470 $
343  585 6514 $
344  604 6485 $
345  617 6479 $
346  628 6556 $
347  633 652 $
348  636 6547 $
349  639 6550 $
350  653 2480 $
351  654 6480 $
352  666 6545 $
353  668 6546 $
354  669 6526 $
355  677 6484 $
356  681 6543 $
357  682 6542 $
358  683 6538 $
359  687 6535 $
360  688 689 $
361  695 6523 $
362  701 6525 $
363  1063 1601 $
364  1064 1603 $
365  1073 1611 $
366  1091 1723 $
367  1100 1684 $
368  1103 1615 $
369  1106 1642 $
370  1107 1579 $
371  1109 1652 $
372  1110 1586 $
373  1124 1633 $
374  1137 1616 $
375  1148 1670 $
376  1149 1625 $
377  1154 1577 $
378  1170 1706 $
379  1171 1407 $
380  1174 1718 $
381  1195 1661 $
382  1196 1265 $
383  1200 1635 $
384  1201 1645 $
385  1210 1578 $
386  1216 1703 $
387  1221 1662 $
388  1274 1276 $
389  1275 1277 $
390  1289 1394 $
391  1304 1414 $
392  1316 1731 $
393  1351 2132 $
394  1976 3812 $
395  1977 3811 $
396  1980 3807 $
397  1981 3687 $
398  1982 3688 $
399  1984 3689 $
400  1985 3683 $
401  1987 3705 $
402  1990 3707 $
403  1992 3684 $
404  1996 3711 $
405  1997 3712 $
406  2000 3709 $
407  2001 3710 $
408  2003 3748 $
409  2004 3747 $
410  2005 3751 $
411  2006 3753 $
412  2008 3700 $
413  2010 3701 $
414  2012 3702 $
415  2013 3703 $
416  2024 3685 $
417  2027 3694 $
418  2032 3737 $
419  2037 3741 $
420  2039 3735 $
421  2040 3733 $
422  2041 3732 $
423  2042 3731 $
424  2043 3730 $
425  2046 3728 $
426  2047 3727 $
427  2052 3756 $
428  2055 3759 $
429  2056 3758 $
430  2057 3761 $
431  2060 3754 $
432  2062 3744 $
433  2066 3716 $
434  2067 3717 $
435  2071 3725 $
436  2073 3763 $
437  2075 3766 $
438  2078 3770 $
439  2086 3800 $
440  2087 3799 $
441  2090 3797 $
442  2092 3795 $
443  2096 3782 $
444  2097 3784 $
445  2098 3787 $
446  2101 3786 $
447  2103 3791 $
448  2108 3779 $
449  2115 3802 $
450  2121 3809 $
451  2124 3671 $
452  2126 3670 $
453  2168 2181 $
454  2224 2225 $
455  2250 2252 $
456  2295 2296 $
457  2338 2339 $
458  2340 2341 $
459  2362 2369 $
460  2400 2402 $
461  2437 2498 $
462  2481 2482 $
463  2538 2548 $
464  2547 2573 $
465  2722 8041 $
466  3333 5536 $
467  3645 7272 $
468  6491 6492 $
469  8909 8911 $
470  133 $
471  139 $
472  141 $
473  142 $
474  149 $
475  150 $
476  152 $
477  153 $
478  156 $
479  157 $
480  158 $
481  159 $
482  161 $
483  174 $
484  177 $
485  178 $
486  179 $
487  191 $
488  193 $
489  195 $
490  202 $
491  204 $
492  223 $
493  228 $
494  230 $
495  234 $
496  243 $
497  247 $
498  248 $
499  253 $
500  254 $
501  258 $
502  264 $
503  273 $
504  284 $
505  291 $
506  308 $
507  311 $
508  314 $
509  566 $
510  571 $
511  572 $
512  574 $
513  577 $
514  582 $
515  584 $
516  586 $
517  589 $
518  593 $
519  596 $
520  599 $
521  602 $
522  603 $
523  605 $
524  606 $
525  610 $
526  614 $
527  615 $
528  623 $
529  632 $
530  635 $
531  647 $
532  648 $
533  651 $
534  656 $
535  657 $
536  659 $
537  660 $
538  663 $
539  665 $
540  667 $
541  675 $
542  676 $
543  678 $
544  684 $
545  685 $
546  686 $
547  693 $
548  696 $
549  698 $
550  699 $
551  700 $
552  702 $
553  703 $
554  705 $
555  960 $
556  1053 $
557  1067 $
558  1068 $
559  1069 $
560  1086 $
561  1096 $
562  1112 $
563  1126 $
564  1129 $
565  1130 $
566  1134 $
567  1135 $
568  1136 $
569  1142 $
570  1143 $
571  1152 $
572  1167 $
573  1168 $
574  1173 $
575  1183 $
576  1185 $
577  1192 $
578  1207 $
579  1209 $
580  1211 $
581  1213 $
582  1227 $
583  1232 $
584  1241 $
585  1242 $
586  1248 $
587  1254 $
588  1264 $
589  1266 $
590  1280 $
591  1282 $
592  1290 $
593  1292 $
594  1306 $
595  1313 $
596  1318 $
597  1324 $
598  1325 $
599  1327 $
600  1329 $
601  1330 $
602  1335 $
603  1336 $
604  1337 $
605  1339 $
606  1344 $
607  1347 $
608  1348 $
609  1350 $
610  1352 $
611  1355 $
612  1356 $
613  1357 $
614  1365 $
615  1369 $
616  1374 $
617  1378 $
618  1382 $
619  1383 $
620  1398 $
621  1400 $
622  1402 $
623  1403 $
624  1418 $
625  1425 $
626  1426 $
627  1432 $
628  1441 $
629  1446 $
630  1456 $
631  1594 $
632  1596 $
633  1599 $
634  1607 $
635  1610 $
636  1613 $
637  1626 $
638  1629 $
639  1630 $
640  1632 $
641  1638 $
642  1650 $
643  1655 $
644  1663 $
645  1671 $
646  1685 $
647  1694 $
648  1705 $
649  1712 $
650  1716 $
651  1717 $
652  1719 $
653  1721 $
654  1730 $
655  1763 $
656  1999 $
657  2002 $
658  2007 $
659  2044 $
660  2083 $
661  2084 $
662  2085 $
663  2089 $
664  2104 $
665  2110 $
666  2112 $
667  2117 $
668  2118 $
669  2127 $
670  2129 $
671  2130 $
672  2131 $
673  2133 $
674  2137 $
675  2138 $
676  2139 $
677  2140 $
678  2141 $
679  2142 $
680  2143 $
681  2144 $
682  2145 $
683  2146 $
684  2147 $
685  2148 $
686  2149 $
687  2155 $
688  2159 $
689  2161 $
690  2162 $
691  2163 $
692  2164 $
693  2165 $
694  2167 $
695  2169 $
696  2170 $
697  2171 $
698  2172 $
699  2173 $
700  2174 $
701  2176 $
702  2179 $
703  2180 $
704  2183 $
705  2184 $
706  2186 $
707  2187 $
708  2191 $
709  2192 $
710  2196 $
711  2198 $
712  2199 $
713  2200 $
714  2201 $
715  2202 $
716  2203 $
717  2204 $
718  2205 $
719  2206 $
720  2216 $
721  2218 $
722  2219 $
723  2222 $
724  2223 $
725  2226 $
726  2227 $
727  2228 $
728  2229 $
729  2230 $
730  2232 $
731  2233 $
732  2234 $
733  2235 $
734  2236 $
735  2240 $
736  2243 $
737  2244 $
738  2246 $
739  2247 $
740  2248 $
741  2249 $
742  2251 $
743  2253 $
744  2254 $
745  2256 $
746  2257 $
747  2259 $
748  2261 $
749  2262 $
750  2263 $
751  2264 $
752  2266 $
753  2269 $
754  2270 $
755  2271 $
756  2272 $
757  2273 $
758  2275 $
759  2276 $
760  2277 $
761  2278 $
762  2284 $
763  2287 $
764  2289 $
765  2290 $
766  2291 $
767  2292 $
768  2293 $
769  2294 $
770  2297 $
771  2298 $
772  2299 $
773  2300 $
774  2301 $
775  2302 $
776  2303 $
777  2304 $
778  2305 $
779  2306 $
780  2307 $
781  2308 $
782  2310 $
783  2311 $
784  2314 $
785  2315 $
786  2316 $
787  2318 $
788  2324 $
789  2329 $
790  2330 $
791  2333 $
792  2334 $
793  2335 $
794  2342 $
795  2343 $
796  2344 $
797  2345 $
798  2346 $
799  2347 $
800  2348 $
801  2351 $
802  2359 $
803  2360 $
804  2361 $
805  2363 $
806  2365 $
807  2366 $
808  2367 $
809  2368 $
810  2370 $
811  2371 $
812  2374 $
813  2380 $
814  2381 $
815  2382 $
816  2383 $
817  2384 $
818  2385 $
819  2389 $
820  2390 $
821  2397 $
822  2398 $
823  2399 $
824  2401 $
825  2403 $
826  2404 $
827  2407 $
828  2409 $
829  2411 $
830  2413 $
831  2414 $
832  2418 $
833  2420 $
834  2423 $
835  2424 $
836  2425 $
837  2426 $
838  2427 $
839  2432 $
840  2434 $
841  2440 $
842  2446 $
843  2447 $
844  2448 $
845  2454 $
846  2456 $
847  2459 $
848  2462 $
849  2463 $
850  2467 $
851  2468 $
852  2477 $
853  2484 $
854  2486 $
855  2487 $
856  2488 $
857  2489 $
858  2490 $
859  2491 $
860  2492 $
861  2497 $
862  2499 $
863  2501 $
864  2517 $
865  2519 $
866  2524 $
867  2525 $
868  2527 $
869  2528 $
870  2530 $
871  2531 $
872  2534 $
873  2536 $
874  2537 $
875  2539 $
876  2543 $
877  2544 $
878  2550 $
879  2551 $
880  2552 $
881  2554 $
882  2555 $
883  2557 $
884  2564 $
885  2568 $
886  2569 $
887  2570 $
888  2571 $
889  2572 $
890  2574 $
891  2576 $
892  2578 $
893  2599 $
894  3678 $
895  3686 $
896  3698 $
897  3721 $
898  3724 $
899  3734 $
900  3742 $
901  3752 $
902  3768 $
903  3776 $
904  3785 $
905  3806 $
906  3963 $
907  4331 $
908  4690 $
909  4931 $
910  5141 $
911  5374 $
912  5652 $
913  6044 $
914  6253 $
915  6475 $
916  6476 $
917  6486 $
918  6494 $
919  6497 $
920  6498 $
921  6499 $
922  6503 $
923  6504 $
924  6507 $
925  6508 $
926  6510 $
927  6512 $
928  6513 $
929  6515 $
930  6517 $
931  6522 $
932  6531 $
933  6532 $
934  6534 $
935  6536 $
936  6537 $
937  6540 $
938  6544 $
939  6559 $
940  6563 $
941  7216 $
942  7445 $
943  7925 $
944  8040 $
945  8043 $
946  8103 $
947  8104 $
948  8285 $
949  8866 $
950  8884 $
951  8939 $
952  8942 $
953  8950 $
)
