# cline: mcl ./orthofinder_2_species/Results_Feb13/WorkingDirectory/OrthoFinder_graph.txt "-I" "1.5" "-o" "./orthofinder_2_species/Results_Feb13/WorkingDirectory/clusters_OrthoFinder_I1.5.txt" "-te" "6" "-V" "all"
(mclheader
mcltype matrix
dimensions 6946x149
)
(mclmatrix
begin
0    0 121 329 363 571 689 808 924 1041 1074 1283 1401 1520 1640 1761
       1881 1915 2123 2156 2275 2394 2597 2629 2750 2957 2989 3110
       3230 3351 3470 3591 3710 3917 3951 4072 4192 4312 4433 4552
       4674 4883 5005 5125 5242 5361 5480 5513 5721 5838 5872 5992
       6200 6234 6352 6474 6590 6710 6830 $
1    2 123 244 364 486 605 723 842 962 1073 1197 1376 1495 1553 1680
       1794 1914 2040 2157 2276 2395 2515 2630 2751 2874 2988 3111
       3229 3352 3471 3589 3709 3833 3952 4073 4193 4313 4434 4553
       4675 4800 4921 5043 5159 5279 5398 5512 5639 5757 5871 5991
       6174 6233 6351 6475 6591 6709 6831 $
2    7 126 254 367 495 614 733 848 967 1079 1208 1316 1433 1564 1685
       1805 1920 2046 2160 2279 2398 2522 2634 2755 2882 2993 3114
       3234 3355 3474 3593 3714 3840 3955 4076 4196 4316 4437 4556
       4678 4808 4931 5051 5167 5287 5404 5517 5646 5764 5877 5997
       6112 6239 6357 6478 6594 6715 6833 $
3    8 127 255 368 496 615 734 849 968 1080 1209 1317 1434 1565 1686
       1806 1921 2047 2161 2280 2399 2523 2635 2756 2883 2994 3115
       3235 3356 3475 3594 3715 3841 3956 4077 4197 4317 4438 4557
       4679 4809 4932 5052 5168 5288 5405 5518 5647 5765 5878 5998
       6113 6240 6358 6479 6595 6716 6834 $
4    10 129 257 370 498 617 736 851 970 1082 1211 1314 1436 1567 1688
       1808 1923 2049 2163 2282 2401 2525 2637 2758 2885 2996 3117
       3237 3358 3477 3596 3717 3843 3958 4079 4199 4319 4439 4559
       4681 4811 4934 5054 5170 5290 5407 5520 5649 5767 5880 6000
       6115 6242 6360 6481 6597 6718 6836 $
5    12 131 259 372 500 619 738 852 972 1084 1213 1320 1438 1569 1690
       1810 1925 2051 2165 2284 2403 2527 2639 2760 2887 2998 3119
       3239 3360 3479 3598 3719 3845 3960 4081 4201 4321 4441 4561
       4683 4813 4936 5056 5172 5292 5409 5522 5651 5769 5882 6002
       6117 6244 6362 6483 6599 6720 6838 $
6    13 132 260 373 501 620 739 853 973 1085 1214 1321 1439 1570 1691
       1811 1926 2052 2166 2285 2404 2528 2640 2761 2888 2999 3120
       3240 3361 3480 3599 3720 3846 3961 4082 4202 4322 4442 4562
       4684 4814 4937 5057 5173 5293 5410 5523 5652 5770 5883 6003
       6118 6245 6363 6484 6600 6721 6839 $
7    14 133 261 374 502 621 740 854 974 1086 1215 1322 1440 1571 1692
       1812 1927 2053 2167 2286 2405 2529 2641 2762 2889 3000 3121
       3241 3362 3481 3600 3721 3847 3962 4083 4203 4323 4443 4563
       4685 4815 4938 5058 5174 5294 5411 5524 5653 5771 5884 6004
       6119 6246 6364 6485 6601 6722 6840 $
8    17 135 263 377 504 623 742 856 976 1089 1217 1325 1443 1573 1694
       1814 1930 2055 2170 2289 2408 2531 2644 2765 2891 3003 3124
       3244 3365 3484 3603 3724 3849 3965 4086 4206 4326 4446 4566
       4688 4817 4940 5060 5176 5296 5413 5527 5655 5773 5887 6007
       6122 6249 6367 6488 6604 6725 6843 $
9    18 136 264 378 505 624 743 857 977 1090 1218 1326 1444 1574 1695
       1815 1931 2056 2171 2290 2409 2532 2645 2766 2892 3004 3125
       3245 3366 3485 3604 3725 3850 3966 4087 4207 4327 4447 4567
       4689 4818 4941 5061 5177 5297 5414 5528 5656 5774 5888 6008
       6123 6250 6368 6489 6605 6726 6844 $
10   19 137 265 379 506 625 744 858 978 1091 1219 1327 1445 1575 1696
       1816 1932 2057 2172 2291 2410 2533 2646 2767 2893 3005 3126
       3246 3367 3486 3605 3726 3851 3967 4088 4208 4328 4448 4568
       4690 4819 4942 5062 5178 5298 5415 5529 5657 5775 5889 6009
       6124 6251 6369 6490 6606 6727 6845 $
11   20 138 266 380 507 626 745 859 979 1092 1220 1328 1446 1576 1697
       1817 1933 2058 2173 2292 2411 2534 2647 2768 2894 3006 3127
       3247 3368 3487 3606 3727 3852 3968 4089 4209 4329 4449 4569
       4691 4820 4943 5063 5179 5299 5416 5530 5658 5776 5890 6010
       6125 6252 6370 6491 6607 6728 6846 $
12   22 140 267 382 508 627 746 843 980 1094 1221 1330 1448 1577 1698
       1818 1935 2059 2175 2294 2413 2535 2649 2770 2895 3008 3129
       3249 3370 3489 3608 3729 3853 3970 4091 4211 4331 4451 4571
       4693 4821 4944 5064 5180 5300 5417 5532 5659 5777 5892 6012
       6127 6254 6372 6493 6609 6730 6848 $
13   23 141 268 383 509 628 747 861 981 1095 1222 1331 1449 1578 1699
       1819 1936 2060 2176 2295 2414 2536 2650 2771 2896 3009 3130
       3250 3371 3490 3609 3730 3854 3971 4092 4212 4332 4452 4572
       4694 4822 4945 5065 5181 5301 5418 5533 5660 5778 5893 6013
       6128 6255 6373 6494 6610 6731 6849 $
14   24 142 269 384 510 629 748 862 982 1096 1223 1332 1450 1579 1700
       1820 1937 2061 2177 2296 2415 2537 2651 2772 2897 3010 3131
       3251 3372 3491 3610 3731 3855 3972 4093 4213 4333 4453 4573
       4695 4823 4946 5066 5182 5302 5419 5534 5661 5779 5894 6014
       6129 6256 6374 6495 6611 6732 6850 $
15   25 143 270 385 511 630 749 863 983 1097 1224 1333 1451 1580 1701
       1821 1938 2062 2178 2297 2416 2538 2652 2773 2898 3011 3132
       3252 3373 3492 3611 3732 3856 3973 4094 4214 4334 4454 4574
       4696 4824 4947 5067 5183 5303 5420 5535 5662 5780 5895 6015
       6130 6257 6375 6496 6612 6733 6851 $
16   26 144 272 386 513 632 751 865 985 1098 1226 1335 1453 1582 1703
       1823 1939 2064 2179 2298 2417 2540 2653 2774 2900 3012 3133
       3253 3374 3493 3612 3733 3858 3974 4095 4215 4335 4455 4575
       4697 4826 4949 5069 5185 5305 5422 5536 5664 5782 5896 6016
       6132 6258 6376 6497 6613 6734 6852 $
17   27 145 273 387 514 633 752 866 986 1099 1227 1336 1454 1583 1704
       1824 1940 2065 2180 2299 2418 2541 2654 2775 2901 3013 3134
       3254 3375 3494 3613 3734 3859 3975 4096 4216 4336 4456 4576
       4698 4827 4950 5070 5186 5306 5423 5537 5665 5783 5897 6017
       6133 6259 6377 6498 6614 6735 6853 $
18   29 147 275 389 516 635 754 868 988 1101 1228 1339 1458 1585 1706
       1826 1942 2067 2182 2301 2420 2543 2656 2777 2903 3015 3136
       3256 3377 3496 3615 3736 3861 3977 4098 4218 4338 4458 4578
       4700 4829 4951 5071 5188 5308 5425 5539 5666 5784 5899 6019
       6137 6261 6379 6500 6616 6737 6855 $
19   31 150 276 392 517 636 755 870 989 1104 1229 1341 1460 1586 1707
       1827 1944 2069 2184 2303 2423 2544 2659 2779 2904 3018 3138
       3259 3379 3498 3617 3738 3863 3980 4100 4220 4340 4460 4581
       4703 4830 4952 5072 5189 5309 5426 5542 5667 5785 5901 6022
       6139 6264 6382 6502 6619 6739 6857 $
20   32 151 277 393 518 637 756 871 990 1105 1230 1342 1461 1587 1708
       1828 1945 2070 2185 2304 2424 2545 2660 2780 2905 3019 3139
       3260 3380 3499 3618 3739 3864 3981 4101 4221 4341 4461 4582
       4704 4831 4953 5073 5190 5310 5427 5543 5668 5786 5902 6023
       6140 6265 6383 6503 6620 6740 6858 $
21   33 152 278 394 519 638 757 872 991 1106 1231 1343 1462 1588 1709
       1829 1946 2071 2186 2305 2425 2546 2661 2781 2906 3020 3140
       3261 3381 3500 3619 3740 3865 3982 4102 4222 4342 4462 4583
       4705 4832 4954 5074 5191 5311 5428 5544 5669 5787 5903 6024
       6141 6266 6384 6504 6621 6741 6859 $
22   35 154 280 396 521 640 759 846 993 1108 1233 1345 1464 1590 1711
       1831 1948 2073 2188 2307 2427 2548 2663 2783 2908 3022 3142
       3263 3383 3502 3621 3742 3867 3984 4104 4224 4344 4464 4585
       4707 4834 4956 5076 5193 5312 5430 5546 5671 5789 5905 6026
       6143 6268 6386 6506 6623 6743 6861 $
23   38 157 283 399 524 643 762 875 996 1111 1236 1348 1467 1593 1714
       1834 1951 2076 2191 2310 2430 2551 2666 2786 2911 3025 3145
       3266 3386 3505 3624 3745 3870 3987 4107 4227 4347 4467 4588
       4710 4837 4959 5079 5196 5315 5433 5549 5674 5792 5908 6029
       6146 6269 6389 6509 6626 6746 6864 $
24   42 161 287 403 528 647 766 879 999 1114 1240 1352 1471 1597 1718
       1838 1955 2080 2195 2314 2434 2555 2670 2789 2915 3029 3149
       3270 3390 3509 3628 3749 3874 3991 4111 4231 4351 4471 4592
       4714 4841 4963 5083 5200 5319 5437 5553 5678 5795 5912 6033
       6150 6273 6393 6513 6630 6750 6866 $
25   43 162 288 404 529 648 767 880 1000 1115 1241 1353 1472 1598 1719
       1839 1956 2081 2196 2315 2435 2556 2671 2790 2916 3030 3150
       3271 3391 3510 3629 3750 3875 3992 4112 4232 4352 4472 4593
       4715 4842 4964 5084 5201 5320 5438 5554 5679 5796 5913 6034
       6151 6274 6394 6514 6631 6751 6867 $
26   45 164 289 406 530 649 768 881 1001 1117 1242 1355 1474 1599 1720
       1840 1958 2082 2198 2317 2437 2557 2673 2792 2917 3032 3152
       3273 3393 3512 3631 3752 3876 3994 4114 4234 4354 4474 4595
       4717 4843 4965 5085 5202 5321 5439 5556 5680 5797 5915 6036
       6153 6276 6396 6516 6633 6753 6869 $
27   46 165 290 407 531 650 769 882 1002 1118 1243 1356 1475 1600 1721
       1841 1959 2083 2199 2318 2438 2558 2674 2793 2918 3033 3153
       3274 3394 3513 3632 3753 3877 3995 4115 4235 4355 4475 4596
       4718 4844 4966 5086 5203 5322 5440 5557 5681 5798 5916 6037
       6154 6277 6397 6517 6634 6754 6870 $
28   47 166 291 408 532 651 770 883 1003 1119 1244 1357 1476 1601 1722
       1842 1960 2084 2200 2319 2439 2559 2675 2794 2919 3034 3154
       3275 3395 3514 3633 3754 3878 3996 4116 4236 4356 4476 4597
       4719 4845 4967 5087 5204 5323 5441 5558 5682 5799 5917 6038
       6155 6278 6398 6518 6635 6755 6871 $
29   48 167 292 409 533 652 771 884 1004 1120 1245 1358 1477 1602 1723
       1843 1961 2085 2201 2320 2440 2560 2676 2795 2920 3035 3155
       3276 3396 3515 3634 3755 3879 3997 4117 4237 4357 4477 4598
       4720 4846 4968 5088 5205 5324 5442 5559 5683 5800 5918 6039
       6156 6279 6399 6519 6636 6756 6872 $
30   49 168 293 410 534 653 772 885 1005 1121 1246 1359 1478 1603 1724
       1844 1962 2086 2202 2321 2441 2561 2677 2796 2921 3036 3156
       3277 3397 3516 3635 3756 3880 3998 4118 4238 4358 4478 4599
       4721 4847 4969 5089 5206 5325 5443 5560 5684 5801 5919 6040
       6157 6280 6400 6520 6637 6757 6873 $
31   50 169 241 411 483 604 720 886 959 1122 1196 1360 1479 1552 1681
       1793 1963 2043 2203 2322 2442 2512 2678 2797 2877 3037 3157
       3278 3398 3517 3636 3757 3830 3999 4119 4239 4359 4479 4600
       4722 4803 4924 5046 5162 5282 5401 5561 5642 5754 5920 6041
       6158 6281 6401 6521 6638 6758 6874 $
32   51 170 294 412 535 654 773 887 1006 1123 1247 1361 1480 1604 1725
       1845 1964 2087 2204 2323 2443 2562 2679 2798 2922 3038 3158
       3279 3399 3518 3637 3758 3881 4000 4120 4240 4360 4480 4601
       4723 4848 4970 5090 5207 5326 5444 5562 5685 5802 5921 6042
       6159 6282 6402 6522 6639 6759 6875 $
33   52 171 295 413 536 655 774 888 1007 1124 1248 1362 1481 1605 1726
       1846 1965 2088 2205 2324 2444 2563 2680 2799 2923 3039 3159
       3280 3400 3519 3638 3759 3882 4001 4121 4241 4361 4481 4602
       4724 4849 4971 5091 5208 5327 5445 5563 5686 5803 5922 6043
       6160 6283 6403 6523 6640 6760 6876 $
34   53 172 296 414 537 656 775 889 1008 1125 1249 1363 1482 1606 1727
       1847 1966 2089 2206 2325 2445 2564 2681 2800 2924 3040 3160
       3281 3401 3520 3639 3760 3883 4002 4122 4242 4362 4482 4603
       4725 4850 4972 5092 5209 5328 5446 5564 5687 5804 5923 6044
       6161 6284 6404 6524 6641 6761 6877 $
35   54 173 297 415 538 657 776 890 1009 1126 1250 1364 1483 1607 1728
       1848 1967 2090 2207 2326 2446 2565 2682 2801 2925 3041 3161
       3282 3402 3521 3640 3761 3884 4003 4123 4243 4363 4483 4604
       4726 4851 4973 5093 5210 5329 5447 5565 5688 5805 5924 6045
       6162 6285 6405 6525 6642 6762 6878 $
36   56 175 298 417 539 658 777 891 1010 1128 1251 1366 1485 1608 1729
       1849 1969 2091 2209 2328 2448 2566 2684 2803 2926 3043 3163
       3284 3404 3523 3642 3763 3885 4005 4125 4245 4365 4485 4606
       4728 4852 4974 5094 5211 5330 5448 5567 5689 5806 5926 6047
       6164 6287 6407 6527 6644 6764 6880 $
37   57 176 299 418 540 659 778 892 1011 1129 1252 1367 1486 1609 1730
       1850 1970 2092 2210 2329 2449 2567 2685 2804 2927 3044 3164
       3285 3405 3524 3643 3764 3886 4006 4126 4246 4366 4486 4607
       4729 4853 4975 5095 5212 5331 5449 5568 5690 5807 5927 6048
       6165 6288 6408 6528 6645 6765 6881 $
38   58 177 300 419 541 660 779 893 1012 1130 1253 1368 1487 1610 1731
       1851 1971 2093 2211 2330 2450 2568 2686 2805 2928 3045 3165
       3286 3406 3525 3644 3765 3887 4007 4127 4247 4367 4487 4608
       4730 4854 4976 5096 5213 5332 5450 5569 5691 5808 5928 6049
       6166 6289 6409 6529 6646 6766 6882 $
39   59 178 301 420 542 661 780 894 1013 1131 1254 1369 1488 1611 1732
       1852 1972 2094 2212 2331 2451 2569 2687 2806 2929 3046 3166
       3287 3407 3526 3645 3766 3888 4008 4128 4248 4368 4488 4609
       4731 4855 4977 5097 5214 5333 5451 5570 5692 5809 5929 6050
       6167 6290 6410 6530 6647 6767 6883 $
40   60 179 303 423 544 663 782 897 1015 1134 1256 1371 1490 1613 1734
       1854 1975 2096 2214 2333 2453 2571 2690 2807 2931 3049 3169
       3290 3408 3528 3648 3769 3890 4011 4131 4251 4371 4491 4612
       4734 4857 4979 5099 5216 5335 5453 5573 5694 5811 5931 6052
       6169 6293 6412 6532 6650 6769 6886 $
41   62 181 304 425 545 664 783 899 1016 1136 1257 1373 1492 1614 1735
       1855 1977 2097 2215 2335 2455 2572 2692 2809 2932 3051 3171
       3292 3410 3529 3650 3771 3891 4013 4133 4253 4373 4493 4614
       4736 4858 4980 5100 5217 5336 5454 5575 5695 5812 5932 6054
       6171 6295 6414 6534 6652 6770 6887 $
42   63 182 305 426 546 665 784 900 1017 1137 1258 1374 1493 1615 1736
       1856 1978 2098 2216 2336 2456 2573 2693 2810 2933 3052 3172
       3293 3411 3530 3651 3772 3892 4014 4134 4254 4374 4494 4615
       4737 4859 4981 5101 5218 5337 5455 5576 5696 5813 5933 6055
       6172 6296 6415 6535 6653 6771 6888 $
43   64 183 306 427 547 666 785 901 1018 1189 1259 1375 1494 1616 1737
       1857 1979 2099 2217 2337 2457 2574 2694 2811 2934 3053 3173
       3294 3412 3531 3652 3773 3893 4015 4135 4255 4375 4495 4616
       4738 4860 4982 5102 5219 5338 5456 5577 5697 5814 5934 6056
       6173 6297 6416 6536 6654 6772 6889 $
44   65 184 307 428 548 667 786 903 1019 1190 1260 1378 1497 1617 1738
       1858 1980 2100 2218 2338 2458 2575 2695 2812 2935 3054 3174
       3295 3413 3532 3653 3774 3894 4016 4136 4256 4376 4496 4617
       4739 4861 4983 5103 5220 5339 5457 5578 5698 5815 5935 6057
       6176 6298 6417 6537 6655 6773 6890 $
45   71 190 312 434 553 671 791 906 1023 1140 1265 1382 1501 1622 1743
       1863 1986 2105 2224 2344 2464 2580 2701 2818 2940 3059 3180
       3301 3419 3538 3659 3780 3899 4022 4142 4262 4382 4502 4623
       4745 4866 4988 5108 5225 5344 5462 5584 5703 5820 5941 6063
       6181 6303 6423 6542 6660 6779 6896 $
46   72 191 313 435 554 672 792 907 1024 1141 1266 1383 1502 1623 1744
       1864 1987 2106 2225 2345 2465 2581 2702 2819 2941 3060 3181
       3302 3420 3539 3660 3781 3900 4023 4143 4263 4383 4503 4624
       4746 4867 4989 5109 5226 5345 5463 5585 5704 5821 5942 6064
       6182 6304 6424 6543 6661 6780 6897 $
47   75 194 315 438 556 674 793 909 1026 1144 1268 1385 1504 1625 1746
       1866 1990 2108 2228 2348 2468 2583 2705 2822 2943 3063 3184
       3305 3423 3542 3663 3784 3902 4026 4146 4266 4386 4506 4627
       4749 4868 4990 5111 5228 5347 5465 5588 5706 5823 5945 6067
       6184 6306 6427 6546 6664 6783 6900 $
48   76 195 316 439 557 675 794 910 1027 1145 1269 1386 1505 1626 1747
       1867 1991 2109 2229 2349 2469 2584 2706 2823 2944 3064 3185
       3306 3424 3543 3664 3785 3903 4027 4147 4267 4387 4507 4628
       4750 4869 4991 5112 5229 5348 5466 5589 5707 5824 5946 6068
       6185 6307 6428 6547 6665 6784 6901 $
49   77 196 251 440 558 676 795 911 1028 1146 1270 1387 1506 1627 1748
       1868 1992 2110 2230 2350 2470 2585 2707 2824 2945 3065 3186
       3307 3425 3544 3665 3786 3904 4028 4148 4268 4388 4508 4629
       4751 4870 4992 5113 5230 5349 5467 5590 5708 5825 5947 6069
       6186 6308 6429 6548 6666 6785 6902 $
50   78 197 318 441 560 678 797 913 1030 1147 1272 1389 1508 1629 1750
       1870 1993 2112 2231 2351 2471 2586 2708 2825 2946 3066 3187
       3308 3426 3545 3666 3787 3906 4029 4149 4269 4389 4509 4630
       4752 4872 4994 5114 5231 5350 5469 5591 5710 5827 5948 6070
       6188 6309 6430 6549 6667 6786 6903 $
51   79 198 319 442 561 679 798 914 1031 1148 1273 1390 1509 1630 1751
       1871 1994 2113 2232 2352 2472 2587 2709 2826 2947 3067 3188
       3309 3427 3546 3667 3788 3907 4030 4150 4270 4390 4510 4631
       4753 4873 4995 5115 5232 5351 5470 5592 5711 5828 5949 6071
       6189 6310 6431 6550 6668 6787 6904 $
52   80 199 320 443 562 680 799 915 1032 1149 1274 1391 1510 1631 1752
       1872 1995 2114 2233 2353 2473 2588 2710 2827 2948 3068 3189
       3310 3428 3547 3668 3789 3908 4031 4151 4271 4391 4511 4632
       4754 4874 4996 5116 5233 5352 5471 5593 5712 5829 5950 6072
       6190 6311 6432 6551 6669 6788 6905 $
53   81 200 321 444 563 681 800 916 1033 1150 1275 1392 1511 1632 1753
       1873 1996 2115 2234 2354 2474 2589 2711 2828 2949 3069 3190
       3311 3429 3548 3669 3790 3909 4032 4152 4272 4392 4512 4633
       4755 4875 4997 5117 5234 5353 5472 5594 5713 5830 5951 6073
       6191 6312 6433 6552 6670 6789 6906 $
54   82 201 322 445 564 682 801 839 1034 1151 1276 1393 1512 1633 1754
       1874 1997 2116 2235 2355 2475 2590 2712 2829 2950 3070 3191
       3312 3430 3549 3670 3791 3910 4033 4153 4273 4393 4513 4634
       4756 4876 4998 5118 5235 5354 5473 5595 5714 5831 5952 6074
       6192 6313 6434 6553 6671 6790 6907 $
55   83 202 323 446 565 683 802 917 1035 1152 1277 1394 1513 1634 1755
       1875 1998 2117 2236 2356 2476 2591 2713 2830 2951 3071 3192
       3313 3431 3550 3671 3792 3911 4034 4154 4274 4394 4514 4635
       4757 4877 4999 5119 5236 5355 5474 5596 5715 5832 5953 6075
       6193 6314 6435 6554 6672 6791 6908 $
56   84 203 324 447 566 684 803 918 1036 1153 1278 1395 1514 1635 1756
       1876 1999 2118 2237 2357 2477 2592 2714 2831 2952 3072 3193
       3314 3432 3551 3672 3793 3912 4035 4155 4275 4395 4515 4636
       4758 4878 5000 5120 5237 5356 5475 5597 5716 5833 5954 6076
       6194 6315 6436 6555 6673 6792 6909 $
57   85 204 325 448 567 685 804 919 1037 1154 1279 1396 1515 1636 1757
       1877 2000 2119 2238 2358 2478 2593 2715 2832 2953 3073 3194
       3315 3433 3552 3673 3794 3913 4036 4156 4276 4396 4516 4637
       4759 4879 5001 5121 5238 5357 5476 5598 5717 5834 5955 6077
       6195 6316 6437 6556 6674 6793 6910 $
58   86 205 326 449 568 686 805 920 1038 1155 1280 1397 1516 1637 1758
       1878 2001 2120 2239 2359 2479 2594 2716 2833 2954 3074 3195
       3316 3434 3553 3674 3795 3914 4037 4157 4277 4397 4517 4638
       4760 4880 5002 5122 5239 5358 5477 5599 5718 5835 5956 6078
       6196 6317 6438 6557 6675 6794 6911 $
59   87 206 327 450 569 687 806 921 1039 1156 1281 1398 1517 1638 1759
       1879 2002 2121 2240 2360 2480 2595 2717 2834 2955 3075 3196
       3317 3435 3554 3675 3796 3915 4038 4158 4278 4398 4518 4639
       4761 4881 5003 5123 5240 5359 5478 5600 5719 5836 5957 6079
       6197 6318 6439 6558 6676 6795 6912 $
60   90 209 330 453 572 690 809 925 1042 1159 1284 1402 1521 1641 1762
       1882 2005 2124 2243 2363 2483 2598 2720 2837 2958 3078 3199
       3320 3438 3557 3678 3799 3918 4041 4161 4281 4401 4521 4642
       4764 4884 5006 5126 5243 5362 5481 5603 5722 5839 5960 6082
       6201 6321 6442 6561 6679 6798 6915 $
61   91 210 331 454 573 691 810 926 1043 1160 1285 1403 1522 1642 1763
       1883 2006 2125 2244 2364 2484 2599 2721 2838 2959 3079 3200
       3321 3439 3558 3679 3800 3919 4042 4162 4282 4402 4522 4643
       4765 4885 5007 5127 5244 5363 5482 5604 5723 5840 5961 6083
       6202 6322 6443 6562 6680 6799 6916 $
62   92 211 332 455 574 692 811 927 1044 1161 1286 1404 1523 1643 1764
       1884 2007 2126 2245 2365 2485 2600 2722 2839 2960 3080 3201
       3322 3440 3559 3680 3801 3920 4043 4163 4283 4403 4523 4644
       4766 4886 5008 5128 5245 5364 5483 5605 5724 5841 5962 6084
       6203 6323 6444 6563 6681 6800 6917 $
63   93 212 333 456 575 693 812 928 1045 1162 1287 1405 1524 1644 1765
       1885 2008 2127 2246 2366 2486 2601 2723 2840 2961 3081 3202
       3323 3441 3560 3681 3802 3921 4044 4164 4284 4404 4524 4645
       4767 4887 5009 5129 5246 5365 5484 5606 5725 5842 5963 6085
       6204 6324 6445 6564 6682 6801 6918 $
64   94 213 334 457 576 694 813 929 1046 1163 1288 1406 1525 1645 1766
       1886 2009 2128 2247 2367 2487 2602 2724 2841 2962 3082 3203
       3324 3442 3561 3682 3803 3922 4045 4165 4285 4405 4525 4646
       4768 4888 5010 5130 5247 5366 5485 5607 5726 5843 5964 6086
       6205 6325 6446 6565 6683 6802 6919 $
65   95 214 335 458 577 695 814 930 1047 1164 1289 1407 1526 1646 1767
       1887 2010 2129 2248 2368 2488 2603 2725 2842 2963 3083 3204
       3325 3443 3562 3683 3804 3923 4046 4166 4286 4406 4526 4647
       4769 4889 5011 5131 5248 5367 5486 5608 5727 5844 5965 6087
       6206 6326 6447 6566 6684 6803 6920 $
66   96 215 336 459 578 696 815 931 1048 1165 1290 1408 1527 1647 1768
       1888 2011 2130 2249 2369 2489 2604 2726 2843 2964 3084 3205
       3326 3444 3563 3684 3805 3924 4047 4167 4287 4407 4527 4648
       4770 4890 5012 5132 5249 5368 5487 5609 5728 5845 5966 6088
       6207 6327 6448 6567 6685 6804 6921 $
67   97 216 337 460 579 697 816 932 1049 1166 1291 1409 1528 1648 1769
       1889 2012 2131 2250 2370 2490 2605 2727 2844 2965 3085 3206
       3327 3445 3564 3685 3806 3925 4048 4168 4288 4408 4528 4649
       4771 4891 5013 5133 5250 5369 5488 5610 5729 5846 5967 6089
       6208 6328 6449 6568 6686 6805 6922 $
68   98 217 338 461 580 698 817 933 1050 1167 1292 1410 1529 1649 1770
       1890 2013 2132 2251 2371 2491 2606 2728 2845 2966 3086 3207
       3328 3446 3565 3686 3807 3926 4049 4169 4289 4409 4529 4650
       4772 4892 5014 5134 5251 5370 5489 5611 5730 5847 5968 6090
       6209 6329 6450 6569 6687 6806 6923 $
69   99 218 339 462 581 699 818 934 1051 1168 1293 1411 1530 1650 1771
       1891 2014 2133 2252 2372 2492 2607 2729 2846 2967 3087 3208
       3329 3447 3566 3687 3808 3927 4050 4170 4290 4410 4530 4651
       4773 4893 5015 5135 5252 5371 5490 5612 5731 5848 5969 6091
       6210 6330 6451 6570 6688 6807 6924 $
70   101 220 343 464 585 703 822 937 1055 1170 1297 1414 1533 1654
       1775 1895 2016 2137 2254 2374 2494 2610 2731 2848 2971 3089
       3210 3331 3449 3568 3689 3810 3931 4052 4172 4292 4412 4532
       4653 4775 4897 5019 5137 5256 5375 5494 5614 5735 5852 5971
       6093 6214 6332 6453 6572 6690 6809 6926 $
71   102 221 344 465 586 704 823 841 1056 1171 1298 1415 1534 1655
       1776 1896 2017 2138 2255 2375 2495 2611 2732 2849 2972 3090
       3211 3332 3450 3569 3690 3811 3932 4053 4173 4293 4413 4533
       4654 4776 4898 5020 5138 5257 5376 5495 5615 5736 5853 5972
       6094 6215 6333 6454 6573 6691 6810 6927 $
72   104 223 345 467 587 705 824 939 1057 1173 1299 1417 1536 1656
       1777 1897 2019 2139 2257 2377 2497 2612 2734 2851 2973 3092
       3213 3334 3452 3571 3692 3813 3933 4055 4175 4295 4415 4535
       4656 4778 4899 5021 5139 5258 5377 5496 5617 5737 5854 5974
       6096 6217 6335 6456 6575 6693 6812 6929 $
73   105 224 346 468 588 706 825 940 1058 1174 1300 1418 1537 1657
       1778 1898 2020 2140 2258 2378 2498 2613 2735 2852 2974 3093
       3214 3335 3453 3572 3693 3814 3934 4056 4176 4296 4416 4536
       4657 4779 4900 5022 5140 5259 5378 5497 5618 5738 5855 5975
       6097 6218 6336 6457 6576 6694 6813 6930 $
74   106 225 347 469 589 707 826 941 1059 1175 1301 1419 1538 1658
       1779 1899 2021 2141 2259 2379 2499 2614 2736 2853 2975 3094
       3215 3336 3454 3573 3694 3815 3935 4057 4177 4297 4417 4537
       4658 4780 4901 5023 5141 5260 5379 5498 5619 5739 5856 5976
       6098 6219 6337 6458 6577 6695 6814 6931 $
75   107 226 349 470 591 709 828 943 1061 1176 1303 1421 1540 1660
       1781 1901 2022 2143 2260 2380 2500 2615 2737 2854 2976 3095
       3216 3337 3455 3574 3695 3816 3937 4058 4178 4298 4418 4538
       4659 4781 4903 5025 5142 5261 5380 5500 5620 5741 5858 5977
       6099 6221 6338 6459 6578 6696 6815 6932 $
76   109 228 351 472 593 710 830 945 1063 1178 1305 1423 1542 1662
       1783 1903 2024 2145 2262 2382 2501 2617 2738 2856 2978 3097
       3218 3339 3457 3576 3697 3818 3939 4060 4180 4300 4420 4540
       4661 4783 4905 5027 5144 5263 5382 5502 5622 5743 5860 5979
       6101 6223 6340 6461 6579 6698 6817 6934 $
77   110 229 352 473 594 711 831 946 1064 1179 1306 1424 1543 1663
       1784 1904 2025 2146 2263 2383 2502 2618 2739 2857 2979 3098
       3219 3340 3458 3577 3698 3819 3940 4061 4181 4301 4421 4541
       4662 4784 4906 5028 5145 5264 5383 5503 5623 5744 5861 5980
       6102 6224 6341 6462 6580 6699 6818 6935 $
78   111 230 353 474 595 712 832 947 1065 1180 1307 1425 1544 1664
       1785 1905 2026 2147 2264 2384 2503 2619 2740 2858 2980 3099
       3220 3341 3459 3578 3699 3820 3941 4062 4182 4302 4422 4542
       4663 4785 4907 5029 5146 5265 5384 5504 5624 5745 5862 5981
       6103 6225 6342 6463 6581 6700 6819 6936 $
79   113 232 355 476 597 714 834 949 1067 1182 1309 1427 1546 1666
       1787 1907 2028 2149 2266 2386 2505 2621 2742 2860 2982 3101
       3222 3343 3461 3580 3702 3822 3943 4064 4184 4304 4424 4544
       4665 4787 4909 5031 5148 5267 5386 5506 5626 5747 5864 5983
       6105 6227 6344 6465 6583 6702 6821 6938 $
80   115 234 357 478 599 716 836 951 1069 1184 1311 1429 1548 1668
       1789 1909 2030 2151 2268 2387 2506 2623 2744 2862 2984 3103
       3224 3345 3463 3582 3704 3824 3945 4066 4186 4306 4426 4546
       4667 4789 4911 5033 5150 5269 5388 5508 5628 5749 5866 5985
       6107 6229 6346 6467 6584 6704 6823 6940 $
81   116 235 358 479 600 717 837 952 1070 1185 1312 1430 1549 1669
       1790 1910 2031 2152 2269 2388 2507 2624 2745 2863 2985 3104
       3225 3346 3464 3583 3705 3825 3946 4067 4187 4307 4427 4547
       4668 4790 4912 5034 5151 5270 5389 5509 5629 5750 5867 5986
       6108 6230 6347 6468 6585 6705 6824 6941 $
82   1 122 253 361 489 602 732 902 963 1076 1194 1377 1496 1563 1684
       1804 1917 2154 2273 2392 2518 2627 2748 2871 2991 3108 3232
       3349 3468 3590 3712 3836 3949 4070 4190 4310 4431 4550 4672
       4797 4918 5040 5156 5276 5395 5515 5636 5760 5874 5994 6175
       6236 6354 6472 6588 6712 6828 $
83   4 120 341 362 583 701 820 935 1053 1075 1295 1412 1531 1652 1773
       1893 1916 2135 2155 2274 2393 2608 2628 2749 2969 2990 3109
       3231 3350 3469 3587 3711 3929 3950 4071 4191 4311 4432 4551
       4673 4895 5017 5254 5373 5492 5514 5733 5850 5873 5993 6212
       6235 6353 6473 6589 6711 6829 $
84   6 125 247 366 490 612 726 847 954 1078 1206 1315 1432 1562 1671
       1803 1919 2037 2159 2278 2397 2519 2633 2754 2870 2992 3113
       3233 3354 3473 3592 3713 3837 3954 4075 4195 4315 4436 4555
       4677 4796 4917 5039 5155 5275 5394 5516 5635 5876 5996 6111
       6238 6356 6477 6593 6714 6832 $
85   9 128 256 369 497 616 735 850 969 1081 1210 1318 1435 1566 1687
       1807 1922 2048 2162 2281 2400 2524 2636 2757 2884 2995 3116
       3236 3357 3476 3595 3716 3842 3957 4078 4198 4318 4558 4680
       4810 4933 5053 5169 5289 5406 5519 5648 5766 5879 5999 6114
       6241 6359 6480 6596 6717 6835 $
86   11 130 258 371 499 618 737 971 1083 1212 1319 1437 1568 1689 1809
       1924 2050 2164 2283 2402 2526 2638 2759 2886 2997 3118 3238
       3359 3478 3597 3718 3844 3959 4080 4200 4320 4440 4560 4682
       4812 4935 5055 5171 5291 5408 5521 5650 5768 5881 6001 6116
       6243 6361 6482 6598 6719 6837 $
87   28 146 274 388 515 634 753 867 987 1100 1207 1337 1455 1584 1705
       1825 1941 2066 2181 2300 2419 2542 2655 2776 2902 3014 3135
       3255 3376 3495 3614 3735 3860 3976 4097 4217 4337 4457 4577
       4699 4828 4928 5187 5307 5424 5538 5645 5763 5898 6018 6134
       6260 6378 6499 6615 6736 6854 $
88   30 149 243 391 485 607 722 869 957 1103 1199 1340 1459 1555 1678
       1796 1943 2041 2183 2302 2422 2514 2658 2778 2875 3017 3137
       3258 3378 3497 3616 3737 3832 3979 4099 4219 4339 4459 4580
       4702 4801 4922 5044 5160 5280 5399 5541 5640 5756 5900 6021
       6263 6381 6501 6618 6738 6856 $
89   34 153 279 395 520 639 758 873 992 1107 1232 1344 1463 1589 1710
       1830 1947 2072 2187 2306 2426 2547 2662 2782 2907 3021 3141
       3262 3382 3501 3620 3741 3866 3983 4103 4223 4343 4463 4584
       4706 4833 4955 5075 5192 5429 5545 5670 5788 5904 6025 6142
       6267 6385 6505 6622 6742 6860 $
90   36 155 281 397 522 641 760 874 994 1109 1234 1346 1465 1591 1712
       1832 1949 2074 2189 2308 2428 2549 2664 2784 2909 3023 3143
       3264 3384 3503 3622 3743 3868 3985 4105 4225 4345 4465 4586
       4708 4835 4957 5077 5194 5313 5431 5547 5672 5790 5906 6027
       6144 6387 6507 6624 6744 6862 $
91   37 156 282 398 523 642 761 840 995 1110 1235 1347 1466 1592 1713
       1833 1950 2075 2190 2309 2429 2550 2665 2785 2910 3024 3144
       3265 3385 3504 3623 3744 3869 3986 4106 4226 4346 4466 4587
       4709 4836 4958 5078 5195 5314 5432 5548 5673 5791 5907 6028
       6145 6388 6508 6625 6745 6863 $
92   39 158 284 400 525 644 763 876 997 1112 1237 1349 1468 1594 1715
       1835 1952 2077 2192 2311 2431 2552 2667 2787 2912 3026 3146
       3267 3387 3506 3625 3746 3871 3988 4108 4228 4348 4468 4589
       4711 4838 4960 5080 5197 5316 5434 5550 5675 5793 5909 6030
       6147 6270 6390 6510 6627 6747 $
93   41 160 286 402 527 646 765 878 998 1188 1239 1351 1470 1596 1717
       1837 1954 2079 2194 2313 2433 2554 2669 2914 3028 3148 3269
       3389 3508 3627 3748 3873 3990 4110 4230 4350 4470 4591 4713
       4840 4962 5082 5199 5318 5436 5552 5677 5794 5911 6032 6149
       6272 6392 6512 6629 6749 6865 $
94   44 163 248 405 491 608 727 958 1116 1200 1354 1473 1556 1677 1797
       1957 2036 2197 2316 2436 2520 2672 2791 2869 3031 3151 3272
       3392 3511 3630 3751 3838 3993 4113 4233 4353 4473 4594 4716
       4795 4916 5038 5154 5274 5393 5555 5634 5761 5914 6035 6152
       6275 6395 6515 6632 6752 6868 $
95   66 185 308 429 549 668 787 904 1020 1191 1261 1379 1498 1618 1739
       1859 1981 2101 2219 2339 2459 2576 2696 2813 2936 3055 3175
       3296 3414 3533 3654 3775 3895 4017 4137 4257 4377 4497 4618
       4740 4862 4984 5104 5221 5340 5458 5579 5699 5816 5936 6058
       6177 6418 6538 6656 6774 6891 $
96   69 188 311 432 552 790 905 1022 1138 1264 1381 1500 1621 1742
       1862 1984 2104 2222 2342 2462 2579 2699 2816 2939 3058 3178
       3299 3417 3536 3657 3778 3898 4020 4140 4260 4380 4500 4621
       4743 4865 4987 5107 5224 5343 5461 5582 5702 5819 5939 6061
       6180 6301 6421 6541 6659 6777 6894 $
97   74 193 314 437 555 673 730 908 1025 1143 1267 1384 1503 1624 1745
       1865 1989 2107 2227 2347 2467 2582 2704 2821 2942 3062 3183
       3304 3422 3541 3662 3783 3901 4025 4145 4265 4385 4505 4626
       4748 4806 4927 5110 5227 5346 5464 5587 5705 5822 5944 6066
       6183 6426 6545 6663 6782 6899 $
98   88 207 328 451 570 688 807 922 1040 1157 1282 1399 1518 1639 1760
       1880 2003 2122 2241 2361 2481 2596 2718 2835 2956 3076 3197
       3318 3436 3555 3676 3797 3916 4039 4159 4279 4399 4519 4640
       4762 4882 5004 5124 5241 5360 5479 5601 5720 5837 5958 6080
       6319 6440 6559 6677 6796 6913 $
99   89 208 246 452 488 609 725 923 965 1158 1202 1400 1519 1558 1675
       1799 2004 2038 2242 2362 2482 2517 2719 2836 2872 3077 3198
       3319 3437 3556 3677 3798 3835 4040 4160 4280 4400 4520 4641
       4763 4798 4919 5041 5157 5277 5396 5602 5637 5759 5959 6081
       6320 6441 6560 6678 6797 6914 $
100  100 219 342 463 584 702 821 936 1054 1169 1296 1413 1532 1653
       1774 1894 2015 2136 2253 2373 2493 2609 2730 2847 2970 3088
       3209 3330 3448 3567 3688 3809 3930 4051 4171 4291 4411 4531
       4652 4774 4896 5018 5255 5374 5493 5613 5734 5851 5970 6092
       6213 6331 6452 6571 6689 6808 6925 $
101  103 222 245 466 487 724 938 966 1172 1203 1416 1535 1559 1674
       1800 2018 2039 2256 2376 2496 2516 2733 2850 2873 3091 3212
       3333 3451 3570 3691 3812 3834 4054 4174 4294 4414 4534 4655
       4777 4799 4920 5042 5158 5278 5397 5616 5638 5758 5973 6095
       6216 6334 6455 6574 6692 6811 6928 $
102  112 231 354 475 596 713 833 1066 1181 1308 1426 1545 1665 1786
       1906 2027 2148 2265 2385 2504 2620 2741 2859 2981 3100 3221
       3342 3460 3579 3701 3821 3942 4063 4183 4303 4423 4543 4664
       4786 4908 5030 5147 5266 5385 5505 5625 5746 5863 5982 6104
       6226 6343 6464 6582 6701 6820 6937 $
103  117 236 359 480 601 838 953 1071 1186 1313 1431 1550 1670 1791
       1911 2032 2153 2270 2389 2508 2625 2746 2864 2986 3105 3226
       3347 3465 3584 3706 3826 3947 4068 4188 4308 4428 4548 4669
       4791 4913 5035 5152 5271 5390 5510 5630 5751 5868 5987 6109
       6231 6348 6469 6586 6706 6825 6942 $
104  15 262 375 503 622 741 975 1087 1216 1323 1441 1572 1693 1813
       1928 2054 2168 2287 2406 2530 2642 2763 2890 3001 3122 3242
       3363 3482 3601 3722 3848 3963 4084 4204 4324 4444 4564 4686
       4816 4939 5059 5175 5295 5412 5525 5654 5772 5885 6005 6120
       6247 6365 6486 6602 6723 6841 $
105  67 186 309 430 550 669 788 1192 1262 1380 1499 1619 1740 1860
       1982 2102 2220 2340 2460 2577 2697 2814 2937 3056 3176 3297
       3415 3534 3655 3776 3896 4018 4138 4258 4378 4498 4619 4741
       4863 4985 5105 5222 5341 5459 5580 5700 5817 5937 6059 6178
       6299 6419 6539 6657 6775 6892 $
106  3 239 365 482 606 718 864 955 1072 1198 1554 1679 1795 1912 2044
       2158 2277 2396 2511 2632 2753 2879 2987 3112 3228 3353 3472
       3588 3708 3829 3953 4074 4194 4314 4435 4554 4676 4804 4925
       5048 5164 5284 5402 5511 5643 5753 5869 5990 6131 6232 6350
       6476 6592 6708 6943 $
107  40 159 285 401 526 645 764 877 1113 1238 1350 1469 1595 1716 1836
       1953 2078 2193 2312 2432 2553 2668 2788 2913 3027 3147 3268
       3388 3507 3626 3747 3872 3989 4109 4229 4349 4469 4590 4712
       4839 4961 5081 5198 5317 5435 5551 5676 5910 6031 6148 6271
       6391 6511 6628 6748 $
108  68 187 310 431 551 670 789 1021 1193 1263 1620 1741 1861 1983
       2103 2221 2341 2461 2578 2698 2815 2938 3057 3177 3298 3416
       3535 3656 3777 3897 4019 4139 4259 4379 4499 4620 4742 4864
       4986 5106 5223 5342 5460 5581 5701 5818 5938 6060 6179 6300
       6420 6540 6658 6776 6893 $
109  114 233 356 477 598 715 835 950 1068 1183 1310 1428 1547 1667
       1788 1908 2029 2150 2267 2622 2743 2861 2983 3102 3223 3344
       3462 3581 3703 3823 3944 4065 4185 4305 4425 4545 4666 4788
       4910 5032 5149 5268 5387 5507 5627 5748 5865 5984 6106 6228
       6345 6466 6703 6822 6939 $
110  73 192 242 436 484 603 721 964 1142 1195 1551 1682 1792 1988 2042
       2226 2346 2466 2513 2703 2820 2876 3061 3182 3303 3421 3540
       3661 3782 3831 4024 4144 4264 4384 4504 4625 4747 4802 4923
       5045 5161 5281 5400 5586 5641 5755 5943 6065 6305 6425 6544
       6662 6781 6898 $
111  108 227 350 471 592 829 944 1062 1177 1304 1422 1541 1661 1782
       1902 2023 2144 2261 2381 2616 2855 2977 3096 3217 3338 3456
       3575 3696 3817 3938 4059 4179 4299 4419 4539 4660 4782 4904
       5026 5143 5262 5381 5501 5621 5742 5859 5978 6100 6222 6339
       6460 6697 6816 6933 $
112  119 238 271 512 631 750 984 1187 1225 1452 1581 1702 1822 2033
       2063 2390 2509 2539 2747 2865 2899 3106 3227 3348 3466 3585
       3707 3827 3857 4069 4189 4309 4429 4549 4670 4792 4825 4948
       5068 5184 5304 5421 5631 5663 5781 5988 6110 6349 6470 6587
       6707 6826 6944 $
113  61 180 250 424 493 729 898 961 1135 1201 1372 1491 1557 1676 1798
       1976 2034 2334 2454 2691 2808 2868 3050 3170 3291 3409 3649
       3770 3839 4012 4132 4252 4372 4492 4613 4735 4793 4914 5036
       5153 5272 5391 5574 5632 5762 6053 6170 6294 6413 6533 6651 $
114  302 422 543 662 781 896 1014 1133 1255 1370 1489 1612 1733 1853
       1974 2095 2213 2570 2689 2866 2930 3048 3168 3289 3527 3647
       3768 3889 4010 4130 4250 4490 4611 4733 4856 4978 5098 5215
       5334 5452 5572 5693 5810 5930 6168 6292 6649 6885 $
115  21 139 252 381 494 731 860 1093 1329 1447 1683 1934 2174 2293
       2412 2521 2648 2769 3007 3128 3248 3369 3488 3607 3728 3969
       4090 4210 4330 4450 4570 4692 4807 5531 5891 6011 6126 6253
       6371 6492 6608 6729 6847 $
116  16 118 134 376 613 1088 1324 1442 1929 2169 2288 2407 2643 2764
       3002 3123 3243 3364 3483 3602 3723 3964 4085 4205 4325 4445
       4565 4687 5526 5886 6006 6121 6248 6366 6487 6603 6724 6842 $
117  5 124 249 360 492 611 728 845 956 1077 1205 1338 1456 1561 1672
       1802 1918 2035 2272 2391 2626 3107 3948 4430 4671 4794 4915
       5037 5273 5392 5633 5875 5995 6237 6355 6471 6713 $
118  55 174 416 1127 1365 1484 1968 2208 2327 2447 2683 2802 3042 3162
       3283 3403 3522 3641 3762 4004 4124 4244 4364 4484 4605 4727
       5566 5925 6046 6163 6286 6406 6526 6643 6763 6879 $
119  70 189 433 1139 1985 2223 2343 2463 2700 2817 3179 3300 3418 3537
       3658 3779 4021 4141 4261 4381 4501 4622 4744 5583 5940 6062
       6302 6422 6778 6895 $
120  317 559 677 796 912 1029 1271 1388 1507 1628 1749 1869 2111 2271
       2867 2880 3586 3905 4871 4993 5049 5165 5285 5468 5709 5826
       5989 6187 6827 6945 $
121  421 895 1132 1973 2332 2452 2688 3047 3167 3288 3646 3767 4009
       4129 4249 4369 4489 4610 4732 4929 4930 5571 6051 6291 6411
       6531 6648 6768 6884 $
122  240 481 610 719 844 960 1204 1560 1673 1801 1913 2045 2510 2631
       2752 2878 3828 4805 4926 5047 5163 5283 5403 5644 5752 5870 $
123  348 590 708 827 942 1060 1302 1420 1539 1659 1780 1900 2142 2881
       3936 4902 5024 5050 5166 5286 5499 5740 5857 6220 $
124  340 582 700 819 1052 1294 1651 1772 1892 2134 2968 3928 4894 5016
       5136 5253 5372 5491 5732 5849 6211 $
125  390 4701 6262 6617 $
126  237 855 $
127  1457 6136 $
128  2068 3862 $
129  148 $
130  948 $
131  1102 $
132  1334 $
133  2421 $
134  2657 $
135  3016 $
136  3257 $
137  3467 $
138  3700 $
139  3978 $
140  4370 $
141  4579 $
142  5540 $
143  6020 $
144  6135 $
145  6138 $
146  6198 $
147  6199 $
148  6380 $
)
