# cline: mcl ./orthofinder_2_megalocytivirus/Results_Jan14/WorkingDirectory/OrthoFinder_graph.txt "-I" "1.5" "-o" "./orthofinder_2_megalocytivirus/Results_Jan14/WorkingDirectory/clusters_OrthoFinder_I1.5.txt" "-te" "6" "-V" "all"
(mclheader
mcltype matrix
dimensions 7209x212
)
(mclmatrix
begin
0    27 141 268 387 506 620 740 853 981 1089 1207 1337 1458 1578 1694
       1819 1934 2077 2164 2186 2305 2449 2560 2673 2794 2920 3032
       3153 3273 3394 3513 3632 3753 3878 3994 4115 4235 4355 4475
       4595 4717 4846 4969 5089 5205 5325 5462 5576 5690 5818 5936
       6050 6170 6285 6412 6530 6651 6767 6888 7006 7115 $
1    2 172 244 365 481 647 720 883 957 1121 1240 1313 1442 1554 1724
       1804 1964 2132 2216 2336 2504 2538 2704 2823 2903 3063 3183
       3304 3424 3543 3662 3783 3856 4025 4145 4265 4385 4505 4626
       4748 4829 4950 5072 5188 5308 5518 5561 5721 5802 5914 6080
       6201 6318 6441 6561 6681 6798 6918 7034 7185 $
2    15 128 256 375 494 609 728 840 969 1077 1194 1325 1446 1566 1681
       1807 1921 2060 2173 2292 2432 2548 2660 2781 2908 3019 3140
       3260 3381 3500 3619 3740 3866 3981 4102 4222 4342 4463 4582
       4704 4834 4957 5077 5193 5313 5445 5564 5677 5806 5924 6037
       6157 6272 6399 6517 6638 6754 6875 6993 7126 $
3    18 131 259 378 497 612 731 843 972 1075 1197 1328 1449 1569 1684
       1810 1924 2043 2176 2295 2415 2551 2663 2784 2911 3022 3143
       3263 3384 3503 3622 3743 3869 3984 4105 4225 4345 4465 4585
       4707 4837 4960 5080 5196 5316 5428 5567 5680 5809 5927 6040
       6160 6275 6402 6520 6641 6757 6878 6996 7125 $
4    20 133 261 380 499 613 733 845 974 1081 1199 1330 1451 1571 1686
       1812 1926 2084 2178 2297 2456 2553 2665 2786 2913 3024 3145
       3265 3386 3505 3624 3745 3871 3986 4107 4227 4347 4467 4587
       4709 4839 4962 5082 5198 5318 5469 5569 5682 5811 5929 6042
       6162 6277 6404 6522 6643 6759 6880 6998 7123 $
5    21 134 262 381 500 614 734 846 975 1082 1200 1331 1452 1572 1687
       1813 1927 2083 2179 2298 2455 2554 2666 2787 2914 3025 3146
       3266 3387 3506 3625 3746 3872 3987 4108 4228 4348 4468 4588
       4710 4840 4963 5083 5199 5319 5468 5570 5683 5812 5930 6043
       6163 6278 6405 6523 6644 6760 6881 6999 7122 $
6    26 140 267 386 505 619 739 852 980 1088 1206 1336 1457 1577 1693
       1818 1933 2037 2185 2304 2408 2559 2672 2793 2919 3031 3152
       3272 3393 3512 3631 3752 3877 3993 4114 4234 4354 4474 4594
       4716 4845 4968 5088 5204 5324 5421 5575 5689 5817 5935 6049
       6169 6284 6411 6529 6650 6766 6887 7005 7116 $
7    29 144 270 389 508 622 742 856 983 1092 1210 1339 1460 1580 1697
       1821 1937 2074 2189 2308 2446 2562 2676 2797 2922 3035 3156
       3276 3397 3516 3635 3756 3880 3997 4118 4238 4358 4478 4598
       4720 4848 4971 5091 5207 5327 5459 5578 5693 5820 5938 6053
       6173 6288 6415 6533 6654 6770 6891 7009 7112 $
8    30 145 271 390 509 623 743 857 984 1093 1211 1340 1461 1581 1698
       1822 1938 2073 2190 2309 2445 2563 2677 2798 2923 3036 3157
       3277 3398 3517 3636 3757 3881 3998 4119 4239 4359 4479 4599
       4721 4849 4972 5092 5208 5328 5458 5579 5694 5821 5939 6054
       6174 6289 6416 6534 6655 6771 6892 7010 7111 $
9    31 146 272 391 510 624 744 858 985 1094 1212 1341 1462 1582 1699
       1823 1939 2072 2191 2310 2444 2564 2678 2799 2924 3037 3158
       3278 3399 3518 3637 3758 3882 3999 4120 4240 4360 4480 4600
       4722 4850 4973 5093 5209 5329 5457 5580 5695 5822 5940 6055
       6175 6290 6417 6535 6656 6772 6893 7011 7110 $
10   33 147 274 393 512 626 746 859 987 1096 1214 1343 1464 1584 1700
       1825 1940 2069 2192 2311 2441 2566 2679 2800 2926 3038 3159
       3279 3400 3519 3638 3759 3884 4000 4121 4241 4361 4481 4601
       4723 4852 4975 5095 5211 5331 5454 5582 5696 5824 5942 6056
       6176 6292 6418 6536 6657 6773 6894 7012 7108 $
11   34 148 275 394 513 627 747 860 988 1097 1215 1344 1465 1585 1701
       1826 1941 2068 2193 2312 2440 2567 2680 2801 2927 3039 3160
       3280 3401 3520 3639 3760 3885 4001 4122 4242 4362 4482 4602
       4724 4853 4976 5096 5212 5332 5453 5583 5697 5825 5943 6057
       6177 6293 6419 6537 6658 6774 6895 7013 7107 $
12   36 150 277 396 515 629 749 862 989 1100 1219 1346 1467 1587 1703
       1828 1943 2090 2195 2314 2462 2569 2682 2803 2929 3041 3162
       3282 3403 3522 3641 3762 3887 4003 4124 4244 4364 4484 4604
       4726 4855 4977 5097 5214 5334 5476 5585 5699 5826 5944 6059
       6179 6297 6421 6539 6660 6776 6897 7015 7204 $
13   37 153 278 397 516 631 750 865 990 1102 1221 1347 1468 1588 1705
       1830 1945 2163 2197 2317 2534 2570 2685 2805 2930 3044 3164
       3285 3405 3524 3643 3764 3889 4006 4126 4246 4366 4486 4607
       4729 4856 4978 5098 5215 5335 5549 5586 5702 5827 5945 6061
       6182 6299 6424 6542 6662 6779 6899 7017 7198 $
14   38 154 279 398 517 632 751 866 991 1103 1222 1348 1469 1589 1706
       1831 1946 2064 2198 2318 2436 2571 2686 2806 2931 3045 3165
       3286 3406 3525 3644 3765 3890 4007 4127 4247 4367 4487 4608
       4730 4857 4979 5099 5216 5336 5449 5587 5703 5828 5946 6062
       6183 6300 6425 6543 6663 6780 6900 7018 7199 $
15   39 155 280 399 518 633 752 867 992 1104 1223 1349 1470 1590 1707
       1832 1947 2149 2199 2319 2520 2572 2687 2807 2932 3046 3166
       3287 3407 3526 3645 3766 3891 4008 4128 4248 4368 4488 4609
       4731 4858 4980 5100 5217 5337 5535 5588 5704 5829 5947 6063
       6184 6301 6426 6544 6664 6781 6901 7019 7200 $
16   41 157 282 401 520 607 754 869 994 1106 1225 1351 1472 1592 1709
       1834 1949 2150 2201 2321 2521 2574 2689 2809 2934 3048 3168
       3289 3409 3528 3647 3768 3893 4010 4130 4250 4370 4490 4611
       4733 4860 4982 5102 5219 5338 5536 5590 5706 5831 5949 6065
       6186 6303 6428 6546 6666 6783 6903 7021 7201 $
17   51 168 292 411 530 643 763 879 1004 1117 1236 1361 1482 1602 1720
       1844 1960 2139 2212 2332 2511 2584 2700 2819 2944 3059 3179
       3300 3420 3539 3658 3779 3903 4021 4141 4261 4381 4501 4622
       4744 4870 4992 5112 5229 5348 5525 5600 5717 5841 5958 6076
       6197 6314 6437 6557 6677 6794 6914 7030 7189 $
18   54 171 295 414 533 646 766 882 1007 1120 1239 1364 1485 1605 1723
       1847 1963 2136 2215 2335 2508 2587 2703 2822 2947 3062 3182
       3303 3423 3542 3661 3782 3906 4024 4144 4264 4384 4504 4625
       4747 4873 4995 5115 5232 5351 5522 5603 5720 5844 5961 6079
       6200 6317 6440 6560 6680 6797 6917 7033 7186 $
19   55 173 296 415 534 648 767 884 1008 1122 1241 1365 1486 1606 1725
       1848 1965 2131 2217 2337 2503 2588 2705 2824 2948 3064 3184
       3305 3425 3544 3663 3784 3907 4026 4146 4266 4386 4506 4627
       4749 4874 4996 5116 5233 5352 5517 5604 5722 5845 5962 6081
       6202 6319 6442 6562 6682 6799 6919 7035 7184 $
20   59 178 300 419 538 652 771 889 1012 1127 1246 1369 1490 1610 1730
       1852 1970 2126 2222 2342 2498 2592 2710 2829 2952 3069 3189
       3310 3430 3549 3668 3789 3911 4031 4151 4271 4391 4511 4632
       4754 4878 5000 5120 5237 5356 5512 5608 5727 5849 5966 6086
       6207 6324 6447 6567 6687 6804 6924 7040 7180 $
21   60 179 301 420 539 653 772 890 1013 1128 1247 1370 1491 1611 1731
       1853 1971 2125 2223 2343 2497 2593 2711 2830 2953 3070 3190
       3311 3431 3550 3669 3790 3912 4032 4152 4272 4392 4512 4633
       4755 4879 5001 5121 5238 5357 5511 5609 5728 5850 5967 6087
       6208 6325 6448 6568 6688 6805 6925 7041 7179 $
22   61 180 302 421 540 654 773 891 1014 1129 1248 1371 1492 1612 1732
       1854 1972 2124 2224 2344 2496 2594 2712 2831 2954 3071 3191
       3312 3432 3551 3670 3791 3913 4033 4153 4273 4393 4513 4634
       4756 4880 5002 5122 5239 5358 5510 5610 5729 5851 5968 6088
       6209 6326 6449 6569 6689 6806 6926 7042 7178 $
23   62 181 303 422 541 655 774 892 1015 1130 1249 1372 1493 1613 1733
       1855 1973 2123 2225 2345 2495 2595 2713 2832 2955 3072 3192
       3313 3433 3552 3671 3792 3914 4034 4154 4274 4394 4514 4635
       4757 4881 5003 5123 5240 5359 5509 5611 5730 5852 5969 6089
       6210 6327 6450 6570 6690 6807 6927 7043 7177 $
24   64 184 305 424 543 658 776 895 1017 1132 1251 1374 1495 1615 1736
       1857 1975 2122 2227 2347 2494 2597 2716 2833 2957 3075 3195
       3316 3434 3554 3674 3795 3916 4037 4157 4277 4397 4517 4638
       4760 4883 5005 5125 5242 5361 5508 5613 5733 5854 5971 6091
       6212 6329 6453 6572 6692 6810 6929 7046 7175 $
25   66 187 307 426 545 661 778 898 1019 1135 1254 1376 1497 1617 1739
       1859 1977 2040 2230 2350 2412 2599 2719 2836 2959 3078 3198
       3319 3437 3556 3677 3798 3918 4040 4160 4280 4400 4520 4641
       4763 4885 5007 5127 5244 5363 5425 5615 5736 5856 5973 6093
       6215 6332 6456 6575 6695 6813 6931 7048 7172 $
26   67 188 308 427 546 662 779 950 1020 1136 1255 1377 1498 1618 1740
       1860 1978 2053 2231 2351 2425 2600 2720 2837 2960 3079 3199
       3320 3438 3557 3678 3799 3919 4041 4161 4281 4401 4521 4642
       4764 4886 5008 5128 5245 5364 5438 5616 5737 5857 5974 6094
       6216 6333 6457 6576 6696 6814 6932 7049 7170 $
27   77 200 318 436 555 671 788 906 1030 1147 1266 1387 1508 1628 1752
       1870 1990 2049 2243 2363 2421 2610 2732 2849 2970 3090 3211
       3332 3450 3569 3690 3811 3929 4053 4173 4293 4413 4533 4654
       4776 4895 5017 5138 5255 5374 5434 5626 5749 5867 5984 6106
       6228 6345 6467 6588 6707 6825 6944 7061 7161 $
28   79 202 321 439 558 674 791 908 1033 1150 1269 1390 1511 1631 1754
       1873 1992 2048 2245 2365 2420 2612 2734 2851 2972 3092 3213
       3334 3452 3571 3692 3813 3932 4055 4175 4295 4415 4535 4656
       4778 4898 5020 5140 5257 5376 5433 5629 5751 5870 5987 6108
       6230 6348 6469 6590 6709 6827 6946 7063 7160 $
29   80 203 322 440 559 675 792 909 1034 1151 1270 1391 1512 1632 1755
       1874 1993 2047 2246 2366 2419 2613 2735 2852 2973 3093 3214
       3335 3453 3572 3693 3814 3933 4056 4176 4296 4416 4536 4657
       4779 4899 5021 5141 5258 5377 5432 5630 5752 5871 5988 6109
       6231 6349 6470 6591 6710 6828 6947 7064 7159 $
30   81 204 323 441 560 676 793 910 1035 1152 1271 1392 1513 1633 1756
       1875 1994 2156 2247 2367 2527 2614 2736 2853 2974 3094 3215
       3336 3454 3573 3694 3815 3934 4057 4177 4297 4417 4537 4658
       4780 4900 5022 5142 5259 5378 5542 5631 5753 5872 5989 6110
       6232 6350 6471 6592 6711 6829 6948 7065 7158 $
31   84 207 326 444 563 678 796 913 1038 1155 1274 1395 1516 1636 1759
       1878 1997 2116 2250 2370 2488 2617 2739 2856 2977 3097 3218
       3339 3457 3576 3697 3818 3937 4060 4180 4300 4420 4540 4661
       4783 4903 5025 5145 5262 5381 5502 5634 5756 5875 5992 6113
       6235 6353 6474 6595 6714 6832 6951 7068 7156 $
32   85 208 327 445 564 679 797 914 1039 1156 1275 1396 1517 1637 1760
       1879 1998 2115 2251 2371 2487 2618 2740 2857 2978 3098 3219
       3340 3458 3577 3698 3819 3938 4061 4181 4301 4421 4541 4662
       4784 4904 5026 5146 5263 5382 5501 5635 5757 5876 5993 6114
       6236 6354 6475 6596 6715 6833 6952 7069 7155 $
33   86 209 328 446 565 680 798 915 1040 1157 1276 1397 1518 1638 1761
       1880 1999 2113 2252 2372 2485 2619 2741 2858 2979 3099 3220
       3341 3459 3578 3699 3820 3939 4062 4182 4302 4422 4542 4663
       4785 4905 5027 5147 5264 5383 5499 5636 5758 5877 5994 6115
       6237 6355 6476 6597 6716 6834 6953 7070 7154 $
34   87 210 329 447 566 681 799 916 1041 1158 1277 1398 1519 1639 1762
       1881 2000 2112 2253 2373 2484 2620 2742 2859 2980 3100 3221
       3342 3460 3579 3700 3821 3940 4063 4183 4303 4423 4543 4664
       4786 4906 5028 5148 5265 5384 5498 5637 5759 5878 5995 6116
       6238 6356 6477 6598 6717 6835 6954 7071 7153 $
35   88 211 330 448 567 682 800 917 1042 1159 1278 1399 1520 1640 1763
       1882 2001 2110 2254 2374 2482 2621 2743 2860 2981 3101 3222
       3343 3461 3580 3701 3822 3941 4064 4184 4304 4424 4544 4665
       4787 4907 5029 5149 5266 5385 5496 5638 5760 5879 5996 6117
       6239 6357 6478 6599 6718 6836 6955 7072 7152 $
36   91 214 333 451 570 686 803 920 1045 1163 1282 1402 1523 1643 1766
       1885 2004 2107 2257 2377 2479 2624 2746 2863 2984 3104 3225
       3346 3464 3583 3704 3825 3944 4067 4187 4307 4427 4547 4668
       4790 4910 5032 5152 5269 5388 5493 5641 5763 5882 5999 6120
       6242 6361 6481 6602 6721 6839 6958 7075 7149 $
37   92 215 334 452 571 687 804 921 1046 1164 1283 1403 1524 1644 1767
       1886 2005 2106 2258 2378 2478 2625 2747 2864 2985 3105 3226
       3347 3465 3584 3705 3826 3945 4068 4188 4308 4428 4548 4669
       4791 4911 5033 5153 5270 5389 5492 5642 5764 5883 6000 6121
       6243 6362 6482 6603 6722 6840 6959 7076 7148 $
38   93 216 335 453 572 688 805 922 1047 1165 1284 1404 1525 1645 1768
       1887 2006 2061 2259 2379 2433 2626 2748 2865 2986 3106 3227
       3348 3466 3585 3706 3827 3946 4069 4189 4309 4429 4549 4670
       4792 4912 5034 5154 5271 5390 5446 5643 5765 5884 6001 6122
       6244 6363 6483 6604 6723 6841 6960 7077 7147 $
39   96 219 338 456 575 691 808 925 1050 1168 1287 1407 1528 1648 1771
       1890 2009 2062 2262 2382 2434 2629 2751 2868 2989 3109 3230
       3351 3469 3588 3709 3830 3949 4072 4192 4312 4432 4552 4673
       4795 4915 5037 5157 5274 5393 5447 5646 5768 5887 6004 6125
       6247 6366 6486 6607 6726 6844 6963 7080 7136 $
40   104 225 346 464 583 698 816 931 1058 1175 1294 1415 1536 1656
       1777 1898 2015 2099 2268 2388 2471 2636 2757 2874 2997 3115
       3236 3357 3475 3594 3715 3836 3957 4078 4198 4318 4438 4558
       4679 4801 4923 5045 5163 5282 5401 5485 5654 5774 5895 6012
       6131 6253 6374 6492 6613 6732 6850 6969 7086 7140 $
41   106 228 348 466 585 700 818 934 1060 1178 1297 1417 1538 1658
       1780 1900 2018 2100 2271 2391 2472 2638 2760 2877 2999 3118
       3239 3360 3478 3597 3718 3839 3959 4081 4201 4321 4441 4561
       4682 4804 4925 5047 5165 5284 5403 5486 5656 5777 5897 6014
       6134 6256 6377 6495 6616 6735 6853 6972 7089 7142 $
42   107 229 349 467 586 701 819 935 1061 1179 1298 1418 1539 1659
       1781 1901 2019 2101 2272 2392 2473 2639 2761 2878 3000 3119
       3240 3361 3479 3598 3719 3840 3960 4082 4202 4322 4442 4562
       4683 4805 4926 5048 5166 5285 5404 5487 5657 5778 5898 6015
       6135 6257 6378 6496 6617 6736 6854 6973 7090 7143 $
43   108 230 350 468 587 702 820 936 1062 1180 1299 1419 1540 1660
       1782 1902 2020 2102 2273 2393 2474 2640 2762 2879 3001 3120
       3241 3362 3480 3599 3720 3841 3961 4083 4203 4323 4443 4563
       4684 4806 4927 5049 5167 5286 5405 5488 5658 5779 5899 6016
       6136 6258 6379 6497 6618 6737 6855 6974 7091 7144 $
44   110 231 352 470 589 704 822 937 1064 1182 1301 1421 1542 1662
       1783 1904 2021 2103 2274 2394 2475 2641 2763 2880 3002 3121
       3242 3363 3481 3600 3721 3842 3963 4084 4204 4324 4444 4564
       4685 4807 4929 5051 5168 5287 5406 5489 5660 5780 5901 6018
       6137 6259 6381 6498 6619 6738 6856 6975 7092 7145 $
45   112 233 354 471 591 706 824 939 1066 1184 1303 1423 1544 1664
       1785 1906 2023 2105 2276 2395 2477 2643 2764 2882 3004 3123
       3244 3365 3483 3602 3723 3844 3965 4086 4206 4326 4446 4566
       4687 4809 4931 5053 5170 5289 5408 5491 5662 5782 5903 6020
       6139 6261 6383 6500 6621 6739 6858 6977 7094 7146 $
46   116 237 358 475 595 710 828 943 1070 1188 1307 1427 1548 1668
       1789 1910 2027 2117 2280 2399 2489 2647 2768 2886 3008 3127
       3248 3369 3487 3606 3728 3848 3969 4090 4210 4330 4450 4570
       4691 4813 4935 5057 5174 5293 5412 5503 5666 5786 5907 6024
       6143 6265 6387 6504 6625 6743 6862 6981 7098 7132 $
47   118 239 360 477 597 712 830 945 1072 1190 1309 1429 1550 1670
       1791 1912 2029 2104 2281 2400 2476 2649 2770 2888 3010 3129
       3250 3371 3489 3608 3730 3850 3971 4092 4212 4332 4452 4572
       4693 4815 4937 5059 5176 5295 5414 5490 5668 5788 5909 6026
       6145 6267 6389 6506 6627 6744 6864 6983 7100 7130 $
48   119 240 361 478 598 713 831 946 1073 1191 1310 1430 1551 1671
       1792 1913 2030 2036 2282 2401 2407 2650 2771 2889 3011 3130
       3251 3372 3490 3609 3731 3851 3972 4093 4213 4333 4453 4573
       4694 4816 4938 5060 5177 5296 5415 5420 5669 5789 5910 6027
       6146 6268 6390 6507 6628 6745 6865 6984 7101 7129 $
49   7 213 249 370 486 684 726 919 963 1161 1280 1319 1436 1560 1765
       1799 2003 2108 2256 2376 2480 2543 2745 2862 2898 3103 3224
       3345 3463 3582 3703 3824 3861 4066 4186 4306 4426 4546 4667
       4789 4824 4945 5067 5183 5303 5494 5556 5762 5797 5919 6119
       6241 6480 6601 6720 6838 6957 7074 7150 $
50   8 127 251 373 487 608 715 839 967 1076 1193 1323 1432 1564 1680
       1798 1920 2059 2172 2291 2431 2545 2659 2780 2896 3018 3139
       3259 3380 3499 3618 3739 3863 3980 4101 4221 4341 4462 4581
       4703 4822 4943 5065 5181 5301 5444 5554 5676 5795 6036 6156
       6271 6398 6516 6637 6753 6874 6992 7127 $
51   19 132 260 379 498 732 844 973 1080 1198 1329 1450 1570 1685 1811
       1925 2161 2177 2296 2532 2552 2664 2785 2912 3023 3144 3264
       3385 3504 3623 3744 3870 3985 4106 4226 4346 4466 4586 4708
       4838 4961 5081 5197 5317 5547 5568 5681 5810 5928 6041 6161
       6276 6403 6521 6642 6758 6879 6997 7124 $
52   23 136 264 383 502 736 848 977 1084 1202 1333 1454 1574 1689 1815
       1929 2081 2181 2300 2453 2556 2668 2789 2916 3027 3148 3268
       3389 3508 3627 3748 3874 3989 4110 4230 4350 4470 4590 4712
       4842 4965 5085 5201 5321 5466 5572 5685 5814 5932 6045 6165
       6280 6407 6525 6646 6762 6883 7001 7119 $
53   25 139 266 385 504 618 738 851 979 1087 1205 1335 1456 1576 1692
       1817 1932 2078 2184 2303 2450 2558 2671 2792 2918 3030 3151
       3271 3392 3511 3630 3751 3876 3992 4113 4233 4353 4473 4593
       4715 4844 4967 5087 5203 5323 5463 5574 5688 5816 5934 6048
       6168 6283 6410 6528 6649 6765 6886 7004 $
54   35 149 276 395 514 628 748 861 968 1098 1216 1345 1466 1586 1702
       1827 1942 2075 2194 2313 2447 2568 2681 2802 2928 3040 3161
       3281 3402 3521 3640 3761 3886 4002 4123 4243 4363 4483 4603
       4725 4854 4954 5213 5333 5460 5584 5698 5805 5923 6058 6178
       6294 6420 6538 6659 6775 6896 7014 7106 $
55   43 159 284 403 522 601 756 871 996 1108 1227 1353 1474 1594 1711
       1836 1951 2153 2203 2323 2524 2576 2691 2811 2936 3050 3170
       3291 3411 3530 3649 3770 3895 4012 4132 4252 4372 4492 4613
       4735 4862 4984 5104 5221 5340 5539 5592 5708 5833 5951 6067
       6188 6305 6548 6668 6785 6905 7023 7202 $
56   44 160 285 404 523 636 757 872 997 1109 1228 1354 1475 1595 1712
       1837 1952 2148 2204 2324 2519 2577 2692 2812 2937 3051 3171
       3292 3412 3531 3650 3771 3896 4013 4133 4253 4373 4493 4614
       4736 4863 4985 5105 5222 5341 5593 5709 5834 5952 6068 6189
       6306 6429 6549 6669 6786 6906 7024 7203 $
57   75 198 316 434 491 669 786 904 1028 1145 1264 1385 1506 1626 1750
       1868 1988 2050 2241 2361 2422 2608 2730 2847 2968 3088 3209
       3330 3448 3567 3688 3809 3927 4051 4171 4291 4411 4531 4652
       4774 4832 4953 5136 5253 5372 5435 5624 5747 5865 5982 6104
       6226 6343 6586 6705 6823 6942 7059 7163 $
58   89 212 331 449 568 683 801 918 1043 1160 1279 1400 1521 1641 1764
       1883 2002 2109 2255 2375 2481 2622 2744 2861 2982 3102 3223
       3344 3462 3581 3702 3823 3942 4065 4185 4305 4425 4545 4666
       4788 4908 5030 5150 5267 5386 5495 5639 5761 5880 5997 6118
       6240 6479 6600 6719 6837 6956 7073 7151 $
59   94 217 336 454 573 689 806 923 1048 1166 1285 1405 1526 1646 1769
       1888 2007 2165 2260 2380 2535 2627 2749 2866 2987 3107 3228
       3349 3467 3586 3707 3828 3947 4070 4190 4310 4430 4550 4671
       4793 4913 5035 5155 5272 5391 5550 5644 5766 5885 6002 6123
       6245 6364 6484 6605 6724 6842 6961 7078 $
60   114 235 356 473 593 708 826 941 1068 1186 1305 1425 1546 1666
       1787 1908 2025 2160 2278 2397 2531 2645 2766 2884 3006 3125
       3246 3367 3485 3604 3725 3846 3967 4088 4208 4328 4448 4568
       4689 4811 4933 5055 5172 5291 5410 5546 5664 5784 5905 6022
       6141 6263 6385 6502 6623 6741 6860 6979 7096 $
61   120 241 362 599 714 832 947 1074 1192 1311 1431 1552 1672 1793
       1914 2031 2057 2283 2402 2429 2651 2772 2890 3012 3131 3252
       3373 3491 3610 3732 3852 3973 4094 4214 4334 4454 4574 4695
       4817 4939 5061 5178 5297 5416 5442 5670 5790 5911 6028 6147
       6269 6391 6508 6629 6746 6866 6985 7102 7128 $
62   40 156 281 400 519 634 753 868 993 1105 1224 1350 1471 1591 1708
       1833 1948 2035 2200 2320 2406 2573 2688 2808 2933 3047 3167
       3288 3408 3527 3646 3767 3892 4009 4129 4249 4369 4489 4610
       4732 4859 4981 5101 5218 5419 5589 5705 5830 5948 6064 6185
       6302 6427 6545 6665 6782 6902 7020 $
63   0 126 243 367 479 625 716 833 959 1315 1440 1556 1673 1805 1919
       2070 2171 2290 2442 2537 2658 2779 2905 3013 3138 3254 3379
       3498 3614 3734 3855 3979 4100 4220 4340 4461 4580 4702 4830
       4951 5074 5190 5310 5455 5562 5671 5803 5913 6029 6150 6291
       6392 6510 6636 6752 6868 7103 $
64   22 135 263 382 501 615 735 847 976 1083 1201 1332 1453 1573 1688
       1814 1928 2180 2299 2555 2667 2788 2915 3026 3147 3267 3388
       3507 3626 3747 3873 3988 4109 4229 4349 4469 4589 4711 4841
       4964 5084 5200 5320 5571 5684 5813 5931 6044 6164 6279 6406
       6524 6645 6761 6882 7000 7120 $
65   24 138 265 384 503 617 737 850 978 1086 1204 1334 1455 1575 1691
       1816 1931 2183 2302 2557 2670 2791 2917 3029 3150 3270 3391
       3510 3629 3750 3875 3991 4112 4232 4352 4472 4592 4714 4843
       4966 5086 5202 5322 5573 5687 5815 5933 6047 6167 6282 6409
       6527 6648 6764 6885 7003 7117 $
66   28 143 269 388 507 604 741 855 982 1091 1209 1338 1459 1579 1696
       1820 1936 2188 2307 2561 2675 2796 2921 3034 3155 3275 3396
       3515 3634 3755 3879 3996 4117 4237 4357 4477 4597 4719 4847
       4970 5090 5206 5326 5577 5692 5819 5937 6052 6172 6287 6414
       6532 6653 6769 6890 7008 7113 $
67   48 164 289 408 527 640 760 875 1001 1113 1232 1358 1479 1599 1716
       1841 1956 2208 2328 2581 2696 2815 2941 3055 3175 3296 3416
       3535 3654 3775 3900 4017 4137 4257 4377 4497 4618 4740 4867
       4989 5109 5226 5345 5597 5713 5838 5955 6072 6193 6310 6433
       6553 6673 6790 6910 7026 7193 $
68   49 165 290 409 528 641 761 876 1002 1114 1233 1359 1480 1600 1717
       1842 1957 2209 2329 2582 2697 2816 2942 3056 3176 3297 3417
       3536 3655 3776 3901 4018 4138 4258 4378 4498 4619 4741 4868
       4990 5110 5227 5346 5598 5714 5839 5956 6073 6194 6311 6434
       6554 6674 6791 6911 7027 7192 $
69   50 167 291 410 529 642 762 878 1003 1116 1235 1360 1481 1601 1719
       1843 1959 2211 2331 2583 2699 2818 2943 3058 3178 3299 3419
       3538 3657 3778 3902 4020 4140 4260 4380 4500 4621 4743 4869
       4991 5111 5228 5347 5599 5716 5840 5957 6075 6196 6313 6436
       6556 6676 6793 6913 7029 7190 $
70   52 169 293 412 531 644 764 880 1005 1118 1237 1362 1483 1603 1721
       1845 1961 2213 2333 2585 2701 2820 2945 3060 3180 3301 3421
       3540 3659 3780 3904 4022 4142 4262 4382 4502 4623 4745 4871
       4993 5113 5230 5349 5601 5718 5842 5959 6077 6198 6315 6438
       6558 6678 6795 6915 7031 7188 $
71   53 170 294 413 532 645 765 881 1006 1119 1238 1363 1484 1604 1722
       1846 1962 2214 2334 2586 2702 2821 2946 3061 3181 3302 3422
       3541 3660 3781 3905 4023 4143 4263 4383 4503 4624 4746 4872
       4994 5114 5231 5350 5602 5719 5843 5960 6078 6199 6316 6439
       6559 6679 6796 6916 7032 7187 $
72   56 174 297 416 535 649 768 885 1009 1123 1242 1366 1487 1607 1726
       1849 1966 2218 2338 2589 2706 2825 2949 3065 3185 3306 3426
       3545 3664 3785 3908 4027 4147 4267 4387 4507 4628 4750 4875
       4997 5117 5234 5353 5605 5723 5846 5963 6082 6203 6320 6443
       6563 6683 6800 6920 7036 7183 $
73   57 175 298 417 536 650 769 886 1010 1124 1243 1367 1488 1608 1727
       1850 1967 2219 2339 2590 2707 2826 2950 3066 3186 3307 3427
       3546 3665 3786 3909 4028 4148 4268 4388 4508 4629 4751 4876
       4998 5118 5235 5354 5606 5724 5847 5964 6083 6204 6321 6444
       6564 6684 6801 6921 7037 7182 $
74   65 186 306 425 544 660 777 897 1018 1134 1253 1375 1496 1616 1738
       1858 1976 2229 2349 2598 2718 2835 2958 3077 3197 3318 3436
       3555 3676 3797 3917 4039 4159 4279 4399 4519 4640 4762 4884
       5006 5126 5243 5362 5614 5735 5855 5972 6092 6214 6331 6455
       6574 6694 6812 6930 7047 7173 $
75   68 189 309 428 547 664 780 951 1021 1139 1258 1378 1499 1619 1741
       1861 1979 2232 2352 2601 2721 2838 2961 3080 3200 3321 3439
       3558 3679 3800 3920 4042 4162 4282 4402 4522 4643 4765 4887
       5009 5129 5246 5365 5617 5738 5858 5975 6095 6217 6336 6458
       6577 6697 6815 6933 7050 7168 $
76   76 199 317 435 554 670 787 905 1029 1146 1265 1386 1507 1627 1751
       1869 1989 2242 2362 2609 2731 2848 2969 3089 3210 3331 3449
       3568 3689 3810 3928 4052 4172 4292 4412 4532 4653 4775 4894
       5016 5137 5254 5373 5625 5748 5866 5983 6105 6227 6344 6466
       6587 6706 6824 6943 7060 7162 $
77   82 205 324 442 561 677 794 911 1036 1153 1272 1393 1514 1634 1757
       1876 1995 2248 2368 2615 2737 2854 2975 3095 3216 3337 3455
       3574 3695 3816 3935 4058 4178 4298 4418 4538 4659 4781 4901
       5023 5143 5260 5379 5632 5754 5873 5990 6111 6233 6351 6472
       6593 6712 6830 6949 7066 7157 $
78   83 206 325 443 562 600 795 912 1037 1154 1273 1394 1515 1635 1758
       1877 1996 2249 2369 2616 2738 2855 2976 3096 3217 3338 3456
       3575 3696 3817 3936 4059 4179 4299 4419 4539 4660 4782 4902
       5024 5144 5261 5380 5633 5755 5874 5991 6112 6234 6352 6473
       6594 6713 6831 6950 7067 7208 $
79   95 218 337 455 574 690 807 924 1049 1167 1286 1406 1527 1647 1770
       1889 2008 2261 2381 2628 2750 2867 2988 3108 3229 3350 3468
       3587 3708 3829 3948 4071 4191 4311 4431 4551 4672 4794 4914
       5036 5156 5273 5392 5645 5767 5886 6003 6124 6246 6365 6485
       6606 6725 6843 6962 7079 7135 $
80   97 220 339 457 576 692 809 926 1051 1169 1288 1408 1529 1649 1772
       1891 2010 2263 2383 2630 2752 2869 2990 3110 3231 3352 3470
       3589 3710 3831 3950 4073 4193 4313 4433 4553 4674 4796 4916
       5038 5158 5275 5394 5647 5769 5888 6005 6126 6248 6367 6487
       6608 6727 6845 6964 7081 7137 $
81   99 222 341 459 578 694 811 928 1053 1171 1290 1410 1531 1651 1774
       1893 2012 2265 2385 2632 2754 2871 2992 3112 3233 3354 3472
       3591 3712 3833 3952 4075 4195 4315 4435 4555 4676 4798 4918
       5040 5160 5277 5396 5649 5771 5890 6007 6128 6250 6369 6489
       6610 6729 6847 6966 7083 7138 $
82   115 236 357 474 594 827 942 1069 1187 1306 1426 1547 1667 1788
       1909 2026 2279 2398 2646 2767 2885 3007 3126 3247 3368 3486
       3605 3727 3847 3968 4089 4209 4329 4449 4569 4690 4812 4934
       5056 5173 5292 5411 5665 5785 5906 6023 6142 6264 6386 6503
       6624 6742 6861 6980 7097 7133 7134 $
83   5 125 247 366 484 603 723 834 958 1137 1256 1314 1441 1555 1675
       1801 1918 2170 2289 2541 2656 2777 2900 3014 3137 3255 3378
       3497 3615 3735 3859 3978 4099 4219 4339 4460 4579 4701 4826
       4947 5069 5185 5305 5558 5672 5799 5917 6031 6151 6334 6393
       6511 6635 6751 6869 6991 $
84   6 227 248 485 699 727 933 964 1177 1296 1320 1435 1561 1779 1800
       2017 2270 2390 2542 2759 2876 2899 3117 3238 3359 3477 3596
       3717 3838 3860 4080 4200 4320 4440 4560 4681 4803 4825 4946
       5068 5184 5304 5557 5776 5798 5918 6133 6255 6376 6494 6615
       6734 6852 6971 7088 7141 $
85   9 166 252 369 488 719 877 961 1115 1234 1317 1438 1558 1718 1797
       1958 2210 2330 2546 2698 2817 2895 3057 3177 3298 3418 3537
       3656 3777 3864 4019 4139 4259 4379 4499 4620 4742 4821 4942
       5064 5180 5300 5553 5715 5794 5921 6074 6195 6312 6435 6555
       6675 6792 6912 7028 7191 $
86   12 201 319 437 556 672 789 907 1031 1148 1267 1388 1509 1629 1753
       1871 1991 2244 2364 2611 2733 2850 2971 3091 3212 3333 3451
       3570 3691 3812 3930 4054 4174 4294 4414 4534 4655 4777 4896
       5018 5139 5256 5375 5627 5750 5868 5985 6107 6229 6346 6468
       6589 6708 6826 6945 7062 $
87   14 122 250 363 493 663 724 837 955 1138 1257 1324 1445 1565 1678
       1915 2167 2286 2544 2653 2774 2897 3017 3134 3258 3375 3494
       3616 3738 3862 3975 4096 4216 4336 4457 4576 4698 4823 4944
       5066 5182 5302 5555 5675 5796 5920 6034 6154 6335 6396 6514
       6632 6748 6872 6988 7169 $
88   16 129 257 376 495 610 729 841 970 1078 1195 1326 1447 1567 1682
       1808 1922 2174 2293 2549 2661 2782 2909 3020 3141 3261 3382
       3501 3620 3741 3867 3982 4103 4223 4343 4464 4583 4705 4835
       4958 5078 5194 5314 5565 5678 5807 5925 6038 6158 6273 6400
       6518 6639 6755 6876 6994 $
89   45 161 286 405 524 637 758 873 998 1110 1229 1355 1476 1596 1713
       1838 1953 2205 2325 2578 2693 2813 2938 3052 3172 3293 3413
       3532 3651 3772 3897 4014 4134 4254 4374 4494 4615 4737 4864
       4986 5106 5223 5342 5594 5710 5835 5953 6069 6190 6307 6430
       6550 6670 6787 6907 7196 $
90   58 176 299 418 537 651 770 887 1011 1125 1244 1368 1489 1609 1728
       1851 1968 2220 2340 2591 2708 2827 2951 3067 3187 3308 3428
       3547 3666 3787 3910 4029 4149 4269 4389 4509 4630 4752 4877
       4999 5119 5236 5355 5607 5725 5848 5965 6084 6205 6322 6445
       6565 6685 6802 6922 7038 $
91   69 190 310 429 548 665 781 952 1022 1140 1259 1379 1500 1620 1742
       1862 1980 2233 2353 2602 2722 2839 2962 3081 3201 3322 3440
       3559 3680 3801 3921 4043 4163 4283 4403 4523 4644 4766 4888
       5010 5130 5247 5366 5618 5739 5859 5976 6096 6218 6337 6578
       6698 6816 6934 7051 7167 $
92   72 193 313 551 666 783 899 1025 1142 1261 1382 1503 1623 1745
       1865 1983 2236 2356 2605 2725 2842 2965 3084 3204 3325 3443
       3562 3683 3804 3924 4046 4166 4286 4406 4526 4647 4769 4891
       5013 5133 5250 5369 5621 5742 5862 5979 6099 6221 6340 6461
       6581 6701 6819 6937 7054 7165 $
93   73 195 314 432 552 667 784 901 1026 1143 1262 1383 1504 1624 1747
       1866 1985 2238 2358 2606 2727 2844 2966 3085 3206 3327 3445
       3564 3685 3806 3925 4048 4168 4288 4408 4528 4649 4771 4892
       5014 5134 5251 5370 5622 5744 5863 5980 6101 6223 6341 6463
       6583 6702 6820 6939 7056 $
94   74 196 315 433 553 668 785 902 1027 1144 1263 1384 1505 1625 1748
       1867 1986 2239 2359 2607 2728 2845 2967 3086 3207 3328 3446
       3565 3686 3807 3926 4049 4169 4289 4409 4529 4650 4772 4893
       5015 5135 5252 5371 5623 5745 5864 5981 6102 6224 6342 6464
       6584 6703 6821 6940 7057 $
95   90 124 332 450 569 685 802 835 1044 1162 1281 1401 1522 1642 1676
       1884 1917 2169 2288 2623 2655 2776 2983 3015 3136 3256 3377
       3496 3617 3736 3943 3977 4098 4218 4338 4459 4578 4700 4909
       5031 5151 5268 5387 5640 5673 5881 5998 6032 6152 6360 6394
       6512 6634 6750 6870 6990 $
96   98 221 340 458 577 693 810 927 1052 1170 1289 1409 1530 1650 1773
       1892 2011 2264 2384 2631 2753 2870 2991 3111 3232 3353 3471
       3590 3711 3832 3951 4074 4194 4314 4434 4554 4675 4797 4917
       5039 5159 5276 5395 5648 5770 5889 6006 6127 6249 6368 6488
       6609 6728 6846 6965 7082 $
97   100 223 342 460 579 695 812 929 1054 1172 1291 1411 1532 1652
       1775 1894 2013 2266 2386 2633 2755 2872 2993 3113 3234 3355
       3473 3592 3713 3834 3953 4076 4196 4316 4436 4556 4677 4799
       4919 5041 5161 5278 5397 5650 5772 5891 6008 6129 6251 6370
       6490 6611 6730 6848 6967 7084 $
98   105 226 347 465 584 602 817 932 1059 1176 1295 1416 1537 1657
       1778 1899 2016 2269 2389 2637 2758 2875 2998 3116 3237 3358
       3476 3595 3716 3837 3958 4079 4199 4319 4439 4559 4680 4802
       4924 5046 5164 5283 5402 5655 5775 5896 6013 6132 6254 6375
       6493 6614 6733 6851 6970 7087 $
99   113 234 355 472 592 707 825 940 1067 1185 1304 1424 1545 1665
       1786 1907 2024 2277 2396 2644 2765 2883 3005 3124 3245 3366
       3484 3603 3724 3845 3966 4087 4207 4327 4447 4567 4688 4810
       4932 5054 5171 5290 5409 5663 5783 5904 6021 6140 6262 6384
       6501 6622 6740 6859 6978 7095 $
100  4 152 246 368 483 630 718 864 960 1101 1220 1316 1439 1557 1704
       1802 1944 2196 2316 2540 2684 2804 2901 3043 3163 3284 3404
       3523 3642 3763 3858 4005 4125 4245 4365 4485 4606 4728 4827
       4948 5070 5186 5306 5559 5701 5800 5916 6060 6181 6423 6541
       6661 6778 6898 7016 $
101  17 130 258 377 496 611 730 842 971 1079 1196 1327 1448 1568 1683
       1809 1923 2175 2294 2550 2662 2783 2910 3021 3142 3262 3383
       3502 3621 3742 3868 3983 4104 4224 4344 4584 4706 4836 4959
       5079 5195 5315 5566 5679 5808 5926 6039 6159 6274 6401 6519
       6640 6756 6877 6995 $
102  42 158 283 402 521 635 755 870 995 1107 1226 1352 1473 1593 1710
       1835 1950 2202 2322 2575 2690 2810 2935 3049 3169 3290 3410
       3529 3648 3769 3894 4011 4131 4251 4371 4491 4612 4734 4861
       4983 5103 5220 5339 5591 5707 5832 5950 6066 6187 6304 6547
       6667 6784 6904 7022 $
103  47 163 288 407 526 639 759 949 1000 1112 1231 1357 1478 1598 1715
       1840 1955 2207 2327 2580 2695 2940 3054 3174 3295 3415 3534
       3653 3774 3899 4016 4136 4256 4376 4496 4617 4739 4866 4988
       5108 5225 5344 5596 5712 5837 5954 6071 6192 6309 6432 6552
       6672 6789 6909 7025 $
104  102 123 344 462 581 696 814 836 1056 1173 1292 1413 1534 1654
       1677 1896 1916 2168 2287 2634 2654 2775 2995 3016 3135 3257
       3376 3495 3613 3737 3955 3976 4097 4217 4337 4458 4577 4699
       4921 5043 5280 5399 5652 5674 5893 6010 6033 6153 6372 6395
       6513 6633 6749 6871 6989 $
105  103 224 345 463 582 697 815 930 1057 1174 1293 1414 1535 1655
       1776 1897 2014 2267 2387 2635 2756 2873 2996 3114 3235 3356
       3474 3593 3714 3835 3956 4077 4197 4317 4437 4557 4678 4800
       4922 5044 5281 5400 5653 5773 5894 6011 6130 6252 6373 6491
       6612 6731 6849 6968 7085 $
106  46 162 287 406 525 638 874 999 1111 1230 1356 1477 1597 1714 1839
       1954 2206 2326 2579 2694 2814 2939 3053 3173 3294 3414 3533
       3652 3773 3898 4015 4135 4255 4375 4495 4616 4738 4865 4987
       5107 5224 5343 5595 5711 5836 6070 6191 6308 6431 6551 6671
       6788 6908 7195 $
107  70 191 311 430 549 953 1023 1141 1260 1380 1501 1621 1743 1863
       1981 2234 2354 2603 2723 2840 2963 3082 3202 3323 3441 3560
       3681 3802 3922 4044 4164 4284 4404 4524 4645 4767 4889 5011
       5131 5248 5367 5619 5740 5860 5977 6097 6219 6338 6459 6579
       6699 6817 6935 7052 $
108  117 238 359 476 596 711 829 944 1071 1189 1308 1428 1549 1669
       1790 1911 2028 2648 2769 2887 3009 3128 3249 3370 3488 3607
       3729 3849 3970 4091 4211 4331 4451 4571 4692 4814 4936 5058
       5175 5294 5413 5667 5787 5908 6025 6144 6266 6388 6505 6626
       6863 6982 7099 7131 $
109  11 185 254 490 659 722 896 962 1133 1252 1318 1437 1559 1737 1795
       2121 2228 2348 2493 2717 2834 2894 3076 3196 3317 3435 3675
       3796 3865 4038 4158 4278 4398 4518 4639 4761 4819 4940 5062
       5179 5298 5507 5551 5734 5792 5922 6213 6330 6454 6573 6693
       6811 7174 $
110  71 192 312 431 550 782 954 1024 1381 1502 1622 1744 1864 1982
       2235 2355 2604 2724 2841 2964 3083 3203 3324 3442 3561 3682
       3803 3923 4045 4165 4285 4405 4525 4646 4768 4890 5012 5132
       5249 5368 5620 5741 5861 5978 6098 6220 6339 6460 6580 6700
       6818 6936 7053 $
111  111 232 353 590 705 823 938 1065 1183 1302 1422 1543 1663 1784
       1905 2022 2275 2642 2881 3003 3122 3243 3364 3482 3601 3722
       3843 3964 4085 4205 4325 4445 4565 4686 4808 4930 5052 5169
       5288 5407 5661 5781 5902 6019 6138 6260 6382 6499 6620 6857
       6976 7093 7207 $
112  3 197 245 364 482 725 903 956 1312 1443 1553 1749 1803 1987 2240
       2360 2539 2729 2846 2902 3087 3208 3329 3447 3566 3687 3808
       3857 4050 4170 4290 4410 4530 4651 4773 4828 4949 5071 5187
       5307 5560 5746 5801 5915 6103 6225 6465 6585 6704 6822 6941
       7058 $
113  32 273 392 511 745 948 986 1213 1342 1463 1583 1794 1824 2284
       2403 2565 2773 2891 2925 3132 3253 3374 3492 3611 3733 3853
       3883 4095 4215 4335 4455 4575 4696 4818 4851 4974 5094 5210
       5330 5581 5791 5823 5941 6148 6270 6509 6630 6747 6867 6986
       7104 7109 $
114  63 183 304 423 542 657 775 894 1016 1131 1250 1373 1494 1614 1735
       1856 1974 2111 2483 2596 2715 2892 2956 3074 3194 3315 3553
       3673 3794 3915 4036 4156 4276 4516 4637 4759 4882 5004 5124
       5241 5360 5497 5612 5732 5853 5970 6090 6328 6452 6809 7045
       7176 $
115  13 142 255 492 621 854 1090 1208 1444 1695 1935 2187 2306 2547
       2674 2795 3033 3154 3274 3395 3514 3633 3754 3995 4116 4236
       4356 4476 4596 4718 4833 5691 6051 6171 6286 6413 6531 6652
       6768 6889 7007 7114 $
116  137 374 849 1085 1203 1690 1930 2080 2182 2301 2452 2669 2790
       3028 3149 3269 3390 3509 3628 3749 3990 4111 4231 4351 4471
       4591 4713 5465 5686 6046 6166 6281 6408 6526 6647 6763 6884
       7002 7118 $
117  177 888 1126 1245 1729 1969 2127 2221 2341 2499 2709 2828 3068
       3188 3309 3429 3548 3667 3788 4030 4150 4270 4390 4510 4631
       4753 5513 5726 6085 6206 6323 6446 6566 6686 6803 6923 7039
       7181 $
118  10 121 253 372 489 606 717 838 966 1099 1217 1322 1433 1563 1679
       1796 2166 2285 2652 3133 3974 4456 4697 4820 4941 5063 5299
       5552 5793 6035 6155 6397 6515 6631 6873 7206 $
119  194 900 1746 1984 2088 2237 2357 2460 2726 2843 3205 3326 3444
       3563 3684 3805 4047 4167 4287 4407 4527 4648 4770 5474 5743
       6100 6222 6462 6582 6938 7055 $
120  78 320 438 557 673 790 1032 1149 1268 1389 1510 1630 1872 2032
       2893 2906 3612 3931 4897 5019 5075 5191 5311 5628 5869 5986
       6149 6347 6987 7105 $
121  182 656 893 1734 2226 2346 2714 3073 3193 3314 3672 3793 4035
       4155 4275 4395 4515 4636 4758 4955 4956 5731 6211 6451 6571
       6691 6808 6928 7044 $
122  1 242 371 480 605 721 965 1321 1434 1562 1674 1806 2536 2657 2778
       2904 3854 4831 4952 5073 5189 5309 5563 5804 5912 6030 $
123  109 351 469 588 703 821 1063 1181 1300 1420 1541 1661 1903 2907
       3962 4928 5050 5076 5192 5312 5659 5900 6017 6380 $
124  101 343 461 580 813 1055 1412 1533 1653 1895 2994 3954 4920 5042
       5162 5279 5398 5651 5892 6009 6371 $
125  2038 2151 2159 2409 2522 2530 5422 5537 5545 $
126  2092 2157 2158 2464 2528 2529 5478 5543 5544 $
127  2147 2154 2518 2525 5533 5534 5540 $
128  2045 2097 2417 2469 5430 5483 $
129  2093 2152 2465 2523 5479 5538 $
130  151 4727 6422 6777 $
131  2033 2404 5417 $
132  2034 2405 5418 $
133  2039 2410 5423 $
134  2041 2413 5426 $
135  2042 2414 5427 $
136  2044 2416 5429 $
137  2046 2418 5431 $
138  2051 2423 5436 $
139  2052 2424 5437 $
140  2054 2426 5439 $
141  2055 2427 5440 $
142  2056 2428 5441 $
143  2058 2430 5443 $
144  2063 2435 5448 $
145  2065 2437 5450 $
146  2066 2438 5451 $
147  2067 2439 5452 $
148  2071 2443 5456 $
149  2076 2448 5461 $
150  2079 2451 5464 $
151  2082 2454 5467 $
152  2085 2457 5470 $
153  2086 2458 5472 $
154  2087 2459 5473 $
155  2089 2461 5475 $
156  2091 2463 5477 $
157  2094 2466 5480 $
158  2095 2467 5481 $
159  2096 2468 5482 $
160  2098 2470 5484 $
161  2114 2486 5500 $
162  2118 2490 5504 $
163  2119 2491 5505 $
164  2120 2492 5506 $
165  2128 2500 5514 $
166  2129 2501 5515 $
167  2130 2502 5516 $
168  2133 2505 5519 $
169  2134 2506 5520 $
170  2135 2507 5521 $
171  2137 2509 5523 $
172  2138 2510 5524 $
173  2140 2512 5526 $
174  2142 2513 5528 $
175  2143 2514 5529 $
176  2144 2515 5530 $
177  2145 2516 5531 $
178  2146 2517 5532 $
179  2155 2526 5541 $
180  2162 2533 5548 $
181  2411 5424 7171 $
182  1218 6296 $
183  1829 3888 $
184  2141 5527 $
185  7164 7166 $
186  616 $
187  709 $
188  863 $
189  1095 $
190  2315 $
191  2683 $
192  3042 $
193  3283 $
194  3493 $
195  3726 $
196  4004 $
197  4396 $
198  4605 $
199  5471 $
200  5700 $
201  6180 $
202  6295 $
203  6298 $
204  6358 $
205  6359 $
206  6540 $
207  7121 $
208  7139 $
209  7194 $
210  7197 $
211  7205 $
)
