# cline: mcl ./orthofinder_2_family/Results_May09/WorkingDirectory/OrthoFinder_graph.txt "-I" "1.5" "-o" "./orthofinder_2_family/Results_May09/WorkingDirectory/clusters_OrthoFinder_I1.5.txt" "-te" "6" "-V" "all"
(mclheader
mcltype matrix
dimensions 9307x960
)
(mclmatrix
begin
0    32 151 277 438 511 596 721 894 981 1100 1215 1341 1605 1640 1733
       1939 2005 2130 2344 2478 2644 2645 2846 2965 3091 3212 3332
       3525 3563 3688 3803 3921 4145 4199 4319 4437 4572 4687 4807
       4932 5046 5166 5287 5407 5526 5645 5766 5891 6008 6128 6248
       6368 6488 6609 6731 6830 6955 7077 7197 7314 7434 7547 7685
       7801 7926 8044 8160 8281 8398 8523 8641 8761 8878 8998 9116
       9297 $
1    13 132 260 406 576 704 880 964 1083 1197 1366 1536 1716 1893 1985
       2114 2311 2316 2459 2806 2825 2943 3074 3195 3315 3441 3544
       3670 3784 3940 4122 4180 4299 4456 4555 4667 4788 4915 5026
       5147 5267 5388 5507 5626 5747 5873 5988 6109 6229 6349 6469
       6589 6711 6873 6938 7061 7181 7297 7417 7566 7668 7781 7910
       8028 8141 8261 8376 8503 8621 8742 8858 8979 9097 9220 $
2    20 138 266 394 583 710 933 970 1089 1203 1425 1635 1722 1819 1992
       2120 2333 2551 2656 2832 2950 3080 3201 3321 3446 3551 3676
       3791 3934 4021 4134 4187 4306 4450 4561 4674 4795 4921 5033
       5154 5274 5395 5514 5633 5754 5879 5995 6116 6236 6356 6476
       6596 6718 6877 6944 7067 7187 7303 7423 7560 7674 7788 7916
       8034 8148 8268 8383 8510 8628 8749 8865 8986 9104 9213 $
3    31 150 276 524 595 720 888 980 1099 1214 1340 1477 1651 1732 1880
       2004 2129 2350 2611 2675 2845 2964 3090 3211 3331 3524 3562
       3687 3802 4020 4127 4198 4318 4535 4571 4686 4806 4931 5045
       5165 5286 5406 5525 5644 5765 5890 6007 6127 6247 6367 6487
       6608 6730 6914 6954 7076 7196 7313 7433 7647 7684 7800 7925
       8043 8159 8280 8397 8522 8640 8760 8877 8997 9115 9296 $
4    107 226 349 535 673 794 945 1053 1172 1287 1420 1492 1629 1804
       1927 2076 2203 2320 2494 2718 2925 3044 3164 3285 3405 3516
       3640 3761 3878 3960 4130 4275 4395 4476 4642 4764 4881 5003
       5122 5243 5364 5482 5601 5722 5843 5964 6085 6205 6325 6445
       6565 6686 6808 6911 7027 7149 7266 7385 7504 7587 7758 7878
       7999 8116 8235 8357 8479 8596 8717 8836 8954 9073 9190 9243 $
5    10 129 257 517 573 701 858 961 1080 1195 1395 1518 1713 1937 1982
       2111 2290 2460 2759 2818 2940 3071 3192 3312 3483 3541 3667
       3781 3900 4110 4177 4296 4416 4552 4664 4785 4912 5023 5144
       5264 5385 5504 5623 5744 5870 5985 6106 6226 6346 6466 6586
       6708 6858 6935 7058 7178 7294 7414 7526 7665 7778 7907 8025
       8138 8258 8373 8500 8618 8739 8855 8976 9094 9223 $
6    12 131 259 484 575 703 868 963 1082 1196 1370 1619 1715 1857 1984
       2113 2264 2506 2795 2824 2942 3073 3194 3314 3460 3543 3669
       3783 3941 4045 4179 4298 4457 4554 4666 4787 4914 5025 5146
       5266 5387 5506 5625 5746 5872 5987 6108 6228 6348 6468 6588
       6710 6910 6937 7060 7180 7296 7416 7567 7667 7780 7909 8027
       8140 8260 8375 8502 8620 8741 8857 8978 9096 9221 $
7    26 144 272 370 589 716 913 976 1095 1209 1298 1478 1728 1867 1998
       2126 2330 2564 2755 2839 2957 3086 3207 3327 3433 3557 3682
       3797 3926 4149 4193 4312 4442 4567 4680 4801 4927 5039 5160
       5280 5401 5520 5639 5760 5885 6001 6122 6242 6362 6482 6602
       6724 6880 6950 7073 7193 7309 7429 7552 7680 7794 7922 8040
       8154 8274 8390 8516 8634 8755 8871 8992 9110 9206 $
8    33 152 278 515 597 722 877 982 1101 1216 1378 1508 1734 1860 2006
       2131 2270 2552 2733 2847 2966 3092 3213 3333 3459 3564 3689
       3804 4006 4089 4200 4320 4521 4573 4688 4808 4933 5047 5167
       5288 5408 5527 5646 5767 5892 6009 6129 6249 6369 6489 6610
       6732 6902 6956 7078 7198 7315 7435 7633 7686 7802 7927 8045
       8161 8282 8399 8524 8642 8762 8879 8999 9117 9298 $
9    37 156 282 548 601 726 869 986 1105 1184 1473 1688 1738 1836 1837
       2010 2135 2262 2558 2714 2851 2970 3096 3217 3337 3440 3568
       3693 3808 4010 4035 4204 4324 4525 4577 4692 4812 4937 5051
       5171 5292 5412 5531 5650 5771 5896 6013 6133 6253 6373 6493
       6614 6736 6820 6960 7082 7202 7319 7438 7637 7690 7806 7931
       8049 8165 8286 8403 8646 8766 8883 9003 9121 9300 $
10   58 177 300 382 622 744 852 1004 1123 1237 1364 1494 1755 1873
       2030 2153 2257 2507 2678 2872 2991 3114 3235 3355 3498 3589
       3711 3829 3981 4029 4225 4345 4497 4595 4713 4832 4955 5072
       5192 5313 5433 5552 5671 5792 5914 6034 6154 6274 6394 6514
       6635 6757 6842 6978 7100 7220 7337 7456 7608 7708 7827 7949
       8066 8186 8307 8424 8547 8667 8787 8904 9024 9140 9276 $
11   63 182 305 365 629 749 857 1009 1128 1244 1416 1692 1760 1905
       2037 2158 2307 2567 2792 2878 2997 3119 3240 3360 3479 3596
       3716 3834 3897 4071 4231 4351 4413 4600 4720 4837 4960 5079
       5199 5320 5438 5557 5678 5799 5919 6041 6161 6281 6401 6521
       6642 6764 6831 6983 7105 7225 7342 7461 7523 7713 7834 7954
       8071 8191 8313 8430 8554 8673 8793 8911 9029 9146 9270 $
12   83 202 323 496 649 768 889 1027 1146 1261 1461 1672 1778 1826
       2052 2177 2288 2556 2749 2898 3017 3138 3259 3379 3427 3616
       3735 3854 3973 4118 4251 4371 4489 4618 4740 4857 4978 5098
       5219 5340 5458 5577 5698 5819 5938 6061 6181 6301 6421 6541
       6662 6784 6913 7001 7123 7243 7360 7479 7600 7732 7854 7973
       8090 8211 8333 8451 8572 8693 8812 8930 9049 9166 9254 $
13   87 206 327 508 653 772 820 1031 1150 1265 1389 1648 1782 1866
       2056 2181 2274 2414 2816 2902 3021 3142 3263 3383 3470 3620
       3739 3858 3967 4049 4255 4375 4483 4622 4744 4861 4982 5102
       5223 5344 5462 5581 5702 5823 5942 6065 6185 6305 6425 6545
       6666 6788 6822 7005 7127 7247 7364 7483 7594 7736 7858 7977
       8094 8215 8337 8455 8576 8697 8816 8934 9053 9170 9250 $
14   101 220 343 440 667 788 851 1047 1166 1281 1300 1588 1798 1839
       2070 2197 2308 2417 2760 2918 3037 3158 3279 3399 3511 3634
       3755 3872 3956 4073 4269 4389 4472 4637 4758 4875 4998 5116
       5237 5358 5476 5595 5716 5837 5958 6079 6199 6319 6439 6559
       6680 6802 6843 7021 7143 7261 7380 7499 7583 7752 7872 7993
       8110 8229 8351 8472 8590 8711 8830 8948 9067 9184 9238 $
15   115 234 357 385 681 802 918 1060 1180 1295 1436 1585 1812 1887
       2084 2211 2269 2566 2765 2933 3052 3172 3293 3413 3517 3648
       3769 3886 3961 4091 4282 4401 4477 4650 4771 4889 5011 5130
       5251 5372 5490 5609 5731 5851 5972 6093 6213 6333 6453 6573
       6694 6816 6836 7035 7157 7274 7393 7512 7588 7766 7886 8007
       8124 8243 8365 8487 8604 8725 8842 8962 9081 9198 9228 $
16   116 235 358 405 682 803 839 1061 1181 1296 1355 1628 1813 1908
       2085 2212 2304 2499 2654 2934 3053 3173 3294 3414 3461 3649
       3770 3887 3893 4068 4283 4402 4408 4651 4772 4890 5012 5131
       5252 5373 5491 5610 5732 5852 5973 6094 6214 6334 6454 6574
       6695 6817 6841 7036 7158 7275 7394 7513 7518 7767 7887 8008
       8125 8244 8366 8488 8605 8726 8843 8963 9082 9199 9227 $
17   29 147 275 527 592 719 846 979 1098 1212 1359 1538 1731 1907 2001
       2128 2265 2513 2843 2962 3089 3210 3330 3473 3560 3685 3800
       3947 4046 4196 4315 4463 4570 4683 4804 4930 5042 5163 5283
       5404 5523 5642 5763 5888 6004 6125 6245 6365 6485 6605 6727
       6886 6953 7075 7195 7312 7432 7574 7683 7797 7924 8042 8157
       8277 8395 8519 8637 8758 8874 8995 9113 9302 $
18   35 154 280 422 599 724 863 984 1103 1190 1456 1550 1736 1936 2008
       2133 2253 2603 2680 2849 2968 3094 3215 3335 3566 3691 3806
       4007 4057 4202 4322 4522 4575 4690 4810 4935 5049 5169 5290
       5410 5529 5648 5769 5894 6011 6131 6251 6371 6491 6612 6734
       6906 6958 7080 7200 7317 7436 7634 7688 7804 7929 8047 8163
       8284 8401 8526 8644 8764 8881 9001 9119 9299 $
19   74 193 314 491 640 758 855 1017 1074 1252 1322 1598 1768 1885
       2043 2167 2217 2405 2655 2888 3007 3128 3249 3369 3506 3607
       3725 3845 3907 4163 4242 4362 4423 4609 4731 4848 4969 5089
       5210 5331 5449 5568 5689 5810 5928 6052 6172 6292 6412 6532
       6653 6775 6862 6930 7051 7234 7351 7470 7533 7722 7845 7963
       8080 8202 8324 8441 8684 8803 8921 9040 9157 9261 $
20   84 203 324 421 650 769 876 1028 1147 1262 1392 1556 1779 1859
       2053 2178 2339 2691 2899 3018 3139 3260 3380 3426 3617 3736
       3855 3972 4143 4252 4372 4488 4619 4741 4858 4979 5099 5220
       5341 5459 5578 5699 5820 5939 6062 6182 6302 6422 6542 6663
       6785 6901 7002 7124 7244 7361 7480 7599 7733 7855 7974 8091
       8212 8334 8452 8573 8694 8813 8931 9050 9167 9253 $
21   91 210 331 488 657 776 903 1035 1154 1270 1383 1696 1786 1938
       2060 2185 2268 2797 2907 3026 3146 3267 3387 3521 3624 3743
       3862 3963 4092 4259 4379 4479 4626 4748 4865 4986 5106 5227
       5348 5466 5585 5706 5827 5946 6069 6189 6309 6429 6549 6670
       6792 6834 7009 7131 7251 7368 7487 7590 7740 7862 7981 8098
       8219 8341 8460 8580 8701 8820 8938 9057 9174 9246 $
22   106 225 347 439 672 792 873 1051 1170 1285 1377 1502 1802 1856
       2075 2201 2348 2735 2923 3042 3162 3283 3403 3515 3639 3759
       3877 3959 4125 4274 4394 4475 4641 4763 4880 5002 5121 5242
       5363 5481 5600 5721 5842 5962 6084 6204 6324 6444 6564 6685
       6807 6848 7025 7147 7265 7384 7503 7586 7756 7877 7997 8114
       8234 8356 8477 8595 8716 8835 8953 9072 9189 9242 $
23   11 130 258 574 702 962 1081 1714 1983 2112 2214 2823 2941 3072
       3193 3313 3480 3481 3542 3668 3782 3898 4012 4018 4166 4178
       4297 4414 4527 4533 4553 4665 4786 4913 5024 5145 5265 5386
       5505 5624 5745 5871 5986 6107 6227 6347 6467 6587 6709 6936
       7059 7179 7295 7415 7524 7639 7645 7666 7779 7908 8026 8139
       8259 8374 8501 8619 8740 8856 8977 9095 9222 $
24   46 165 290 513 610 734 866 994 1113 1226 1314 1510 1745 2018 2143
       2302 2481 2860 2979 3104 3225 3345 3487 3577 3701 3817 3996
       4098 4213 4333 4512 4585 4701 4820 4945 5060 5180 5301 5421
       5540 5659 5780 5904 6022 6142 6262 6382 6502 6623 6745 6908
       6968 7090 7210 7327 7446 7623 7698 7815 7939 8056 8174 8295
       8412 8535 8655 8775 8892 9012 9128 9287 $
25   64 183 306 410 630 750 1010 1129 1245 1344 1632 1761 1906 2089
       2159 2879 2998 3120 3241 3361 3422 3597 3717 3835 3910 4232
       4352 4426 4601 4721 4838 4961 5080 5200 5321 5439 5558 5679
       5800 5920 6042 6162 6282 6402 6522 6643 6765 6984 7106 7226
       7343 7462 7536 7714 7835 7955 8072 8192 8314 8431 8555 8674
       8794 8912 9030 9147 9268 $
26   85 204 325 651 770 826 1029 1148 1263 1780 2054 2179 2228 2900
       3019 3140 3261 3381 3453 3618 3737 3856 3970 4059 4253 4373
       4486 4620 4742 4859 4980 5100 5221 5342 5460 5579 5700 5821
       5940 6063 6183 6303 6423 6543 6664 6786 6869 7003 7125 7245
       7362 7481 7597 7734 7856 7975 8092 8213 8335 8453 8574 8695
       8814 8932 9051 9168 9252 $
27   104 223 345 670 790 864 1049 1168 1283 1800 2073 2199 2332 2921
       3040 3160 3281 3401 3512 3637 3757 3875 3957 4147 4272 4392
       4473 4639 4761 4878 5000 5119 5240 5361 5479 5598 5719 5840
       5960 6082 6202 6322 6442 6562 6683 6805 6905 7023 7145 7263
       7382 7501 7584 7754 7875 7995 8112 8232 8354 8475 8593 8714
       8833 8951 9070 9187 9240 $
28   49 168 293 613 737 997 1116 1229 1748 2021 2146 2309 2863 2982
       3107 3228 3348 3490 3580 3704 3820 3993 4076 4216 4336 4509
       4588 4704 4823 4948 5063 5183 5304 5424 5543 5662 5783 5907
       6025 6145 6265 6385 6505 6626 6748 6904 6971 7093 7213 7330
       7449 7620 7701 7818 7942 8059 8177 8298 8415 8538 8658 8778
       8895 9015 9131 9284 $
29   57 176 299 621 743 1003 1122 1236 1754 2029 2152 2871 2990 3113
       3234 3354 3496 3497 3588 3710 3828 3982 4224 4344 4498 4594
       4712 4831 4954 5071 5191 5312 5432 5551 5670 5791 5913 6033
       6153 6273 6393 6513 6634 6756 6977 7099 7219 7336 7455 7609
       7707 7826 7948 8065 8185 8306 8423 8546 8666 8786 8903 9023
       9139 9277 $
30   59 178 301 623 745 1005 1124 1238 1756 2031 2154 2658 2873 2992
       3115 3236 3356 3499 3590 3712 3830 3980 4226 4346 4496 4596
       4714 4833 4956 5073 5193 5314 5434 5553 5672 5793 5915 6035
       6155 6275 6395 6515 6636 6758 6979 7101 7221 7338 7457 7607
       7709 7828 7950 8067 8187 8308 8425 8548 8668 8788 8905 9025
       9141 9275 $
31   6 125 247 569 693 808 956 1070 1191 1697 1978 2106 2819 2936 3066
       3175 3307 3417 3537 3655 3777 3916 4173 4292 4432 4546 4660
       4781 4897 5019 5140 5260 5381 5500 5619 5740 5864 5981 6102
       6222 6342 6463 6582 6704 6920 7041 7163 7279 7399 7542 7652
       7774 7893 8134 8254 8369 8496 8614 8735 8851 8972 9090 9225 $
32   7 126 254 570 698 958 1077 1192 1710 1979 2108 2820 2937 3068
       3189 3309 3529 3538 3664 3778 3917 4174 4293 4433 4549 4661
       4782 4909 5020 5141 5261 5382 5501 5620 5741 5867 5982 6103
       6223 6343 6464 6583 6705 6932 7055 7175 7291 7411 7543 7662
       7775 7904 8022 8135 8255 8370 8497 8615 8736 8852 8973 9091
       9224 $
33   19 137 265 582 709 969 1088 1202 1721 1991 2119 2831 2949 3079
       3200 3320 3416 3550 3675 3790 3894 4186 4305 4409 4560 4673
       4794 4920 5032 5153 5273 5394 5513 5632 5753 5878 5994 6115
       6235 6355 6475 6595 6717 6943 7066 7186 7302 7422 7519 7673
       7787 7915 8033 8147 8267 8382 8509 8627 8748 8864 8985 9103
       9214 $
34   23 141 268 586 712 972 1091 1205 1724 1995 2122 2835 2953 3082
       3203 3323 3449 3554 3678 3794 3931 4190 4309 4447 4563 4677
       4798 4923 5036 5157 5277 5398 5517 5636 5757 5881 5998 6119
       6239 6359 6479 6599 6721 6946 7069 7189 7305 7425 7557 7676
       7791 7918 8036 8151 8271 8386 8513 8631 8752 8868 8989 9107
       9210 $
35   24 142 269 587 713 973 1092 1206 1725 1996 2123 2836 2954 3083
       3204 3324 3437 3555 3679 3795 3930 4191 4310 4446 4564 4678
       4799 4924 5037 5158 5278 5399 5518 5637 5758 5882 5999 6120
       6240 6360 6480 6600 6722 6947 7070 7190 7306 7426 7556 7677
       7792 7919 8037 8152 8272 8387 8514 8632 8753 8869 8990 9108
       9209 $
36   25 143 270 588 714 974 1093 1207 1726 1997 2124 2837 2955 3084
       3205 3325 3436 3556 3680 3796 3929 4192 4311 4445 4565 4679
       4800 4925 5038 5159 5279 5400 5519 5638 5759 5883 6000 6121
       6241 6361 6481 6601 6723 6948 7071 7191 7307 7427 7555 7678
       7793 7920 8038 8153 8273 8388 8515 8633 8754 8870 8991 9109
       9208 $
37   27 145 273 590 717 977 1096 1210 1729 1999 2127 2840 2958 3087
       3208 3328 3432 3558 3683 3798 3925 4194 4313 4441 4568 4681
       4802 4928 5040 5161 5281 5402 5521 5640 5761 5886 6002 6123
       6243 6363 6483 6603 6725 6951 7074 7194 7310 7430 7551 7681
       7795 7923 8041 8155 8275 8391 8517 8635 8756 8872 8993 9111
       9205 $
38   38 157 283 602 727 987 1106 1219 1739 2011 2136 2852 2971 3097
       3218 3338 3458 3569 3694 3809 4005 4205 4325 4520 4578 4693
       4813 4938 5052 5172 5293 5413 5532 5651 5772 5897 6014 6134
       6254 6374 6494 6615 6737 6961 7083 7203 7320 7439 7632 7691
       7807 7932 8050 8166 8287 8404 8527 8647 8767 8884 9004 9122
       9301 $
39   50 169 241 614 686 948 1064 1230 1702 2022 2096 2864 2983 3056
       3185 3297 3491 3581 3661 3821 3989 4217 4337 4505 4539 4705
       4824 4904 5064 5184 5305 5425 5544 5663 5784 5857 6026 6146
       6266 6386 6506 6627 6749 6927 7048 7170 7286 7406 7616 7659
       7819 7900 8012 8178 8299 8416 8539 8659 8779 8896 9016 9132
       9283 $
40   51 170 294 615 738 998 1117 1231 1749 2023 2147 2865 2984 3108
       3229 3349 3492 3582 3705 3822 3988 4218 4338 4504 4589 4706
       4825 4949 5065 5185 5306 5426 5545 5664 5785 5908 6027 6147
       6267 6387 6507 6628 6750 6972 7094 7214 7331 7450 7615 7702
       7820 7943 8060 8179 8300 8417 8540 8660 8780 8897 9017 9133
       9282 $
41   60 179 303 626 747 1007 1126 1241 1758 2034 2156 2875 2994 3117
       3238 3358 3500 3593 3714 3832 3979 4228 4348 4495 4598 4717
       4834 4958 5076 5196 5317 5435 5555 5675 5796 5917 6038 6158
       6278 6398 6518 6639 6761 6981 7103 7223 7340 7459 7606 7711
       7831 7952 8069 8189 8310 8427 8551 8670 8790 8908 9027 9144
       9273 $
42   76 195 316 642 760 1019 1138 1254 1770 2045 2169 2890 3009 3130
       3251 3371 3507 3609 3727 3847 3906 4244 4364 4422 4611 4733
       4850 4971 5091 5212 5333 5451 5570 5691 5812 5930 6054 6174
       6294 6414 6534 6655 6777 6993 7115 7236 7353 7472 7532 7724
       7847 7965 8082 8204 8326 8443 8565 8686 8805 8923 9042 9159
       9259 $
43   78 197 318 644 763 1022 1141 1257 1773 2047 2172 2893 3012 3133
       3254 3374 3508 3611 3730 3849 3905 4246 4366 4421 4613 4735
       4852 4973 5093 5214 5335 5453 5572 5693 5814 5933 6056 6176
       6296 6416 6536 6657 6779 6996 7118 7238 7355 7474 7531 7727
       7849 7968 8085 8206 8328 8446 8567 8688 8807 8925 9044 9161
       9258 $
44   79 198 319 645 764 1023 1142 1258 1774 2048 2173 2894 3013 3134
       3255 3375 3509 3612 3731 3850 3904 4247 4367 4420 4614 4736
       4853 4974 5094 5215 5336 5454 5573 5694 5815 5934 6057 6177
       6297 6417 6537 6658 6780 6997 7119 7239 7356 7475 7530 7728
       7850 7969 8086 8207 8329 8447 8568 8689 8808 8926 9045 9162
       9257 $
45   80 199 320 646 765 1024 1143 1259 1775 2049 2174 2895 3014 3135
       3256 3376 3438 3613 3732 3851 4013 4248 4368 4528 4615 4737
       4854 4975 5095 5216 5337 5455 5574 5695 5816 5935 6058 6178
       6298 6418 6538 6659 6781 6998 7120 7240 7357 7476 7640 7729
       7851 7970 8087 8208 8330 8448 8569 8690 8809 8927 9046 9163
       9256 $
46   86 205 326 652 771 1030 1149 1264 1781 2055 2180 2901 3020 3141
       3262 3382 3455 3619 3738 3857 3969 4254 4374 4485 4621 4743
       4860 4981 5101 5222 5343 5461 5580 5701 5822 5941 6064 6184
       6304 6424 6544 6665 6787 7004 7126 7246 7363 7482 7596 7735
       7857 7976 8093 8214 8336 8454 8575 8696 8815 8933 9052 9169
       9251 $
47   90 209 330 656 775 1034 1153 1269 1785 2059 2184 2906 3025 3145
       3266 3386 3522 3623 3742 3861 3964 4258 4378 4480 4625 4747
       4864 4985 5105 5226 5347 5465 5584 5705 5826 5945 6068 6188
       6308 6428 6548 6669 6791 7008 7130 7250 7367 7486 7591 7739
       7861 7980 8097 8218 8340 8459 8579 8700 8819 8937 9056 9173
       9247 $
48   92 211 332 658 777 1036 1155 1271 1787 2061 2186 2908 3027 3147
       3268 3388 3528 3625 3744 3863 3918 4260 4380 4434 4627 4749
       4866 4987 5107 5228 5349 5467 5586 5707 5828 5947 6070 6190
       6310 6430 6550 6671 6793 7010 7132 7252 7369 7488 7544 7741
       7863 7982 8099 8220 8342 8461 8581 8702 8821 8939 9058 9175
       9245 $
49   95 214 335 661 780 1039 1158 1274 1790 2064 2189 2911 3030 3150
       3271 3391 3527 3628 3747 3866 3919 4263 4383 4435 4630 4752
       4869 4990 5110 5231 5352 5470 5589 5710 5831 5950 6073 6193
       6313 6433 6553 6674 6796 7013 7135 7255 7372 7491 7545 7744
       7866 7985 8102 8223 8345 8464 8584 8705 8824 8942 9061 9178
       9234 $
50   105 224 346 671 791 1050 1169 1284 1801 2074 2200 2922 3041 3161
       3282 3402 3514 3638 3758 3876 3958 4273 4393 4474 4640 4762
       4879 5001 5120 5241 5362 5480 5599 5720 5841 5961 6083 6203
       6323 6443 6563 6684 6806 7024 7146 7264 7383 7502 7585 7755
       7876 7996 8113 8233 8355 8476 8594 8715 8834 8952 9071 9188
       9241 $
51   109 228 351 675 796 1054 1174 1289 1806 2078 2205 2927 3046 3166
       3287 3407 3519 3642 3763 3880 3962 4277 4396 4478 4644 4765
       4883 5005 5124 5245 5366 5484 5603 5724 5845 5966 6087 6207
       6327 6447 6567 6688 6810 7029 7151 7268 7387 7506 7589 7760
       7880 8001 8118 8237 8359 8481 8598 8719 8837 8956 9075 9192
       9244 $
52   113 232 355 679 800 1058 1178 1293 1810 2082 2209 2931 3050 3170
       3291 3411 3428 3646 3767 3884 3974 4281 4400 4490 4648 4769
       4887 5009 5128 5249 5370 5488 5607 5729 5849 5970 6091 6211
       6331 6451 6571 6692 6814 7033 7155 7272 7391 7510 7601 7764
       7884 8005 8122 8241 8363 8485 8602 8723 8841 8960 9079 9196
       9230 $
53   18 136 264 581 708 968 1087 1201 1720 1990 2118 2830 2948 3078
       3199 3319 3445 3549 3674 3789 3935 4185 4304 4451 4559 4672
       4793 4919 5031 5152 5272 5393 5512 5631 5752 5877 5993 6114
       6234 6354 6474 6594 6716 6942 7065 7185 7301 7421 7561 7672
       7786 7914 8032 8146 8266 8381 8508 8626 8747 8863 8984 9102 $
54   28 146 274 591 718 978 1097 1211 1730 2000 2107 2841 2959 3088
       3209 3329 3448 3559 3684 3799 3932 4195 4314 4448 4569 4682
       4803 4929 5041 5162 5282 5403 5522 5641 5762 5887 6003 6124
       6244 6364 6484 6604 6726 6952 7052 7311 7431 7558 7682 7796
       7903 8021 8156 8276 8392 8518 8636 8757 8873 8994 9112 9204 $
55   56 175 298 620 742 1002 1121 1235 1753 2028 2151 2870 2989 3112
       3233 3353 3587 3709 3827 3983 4223 4343 4499 4593 4711 4830
       4953 5070 5190 5311 5431 5550 5669 5790 5912 6032 6152 6272
       6392 6512 6633 6755 6976 7098 7218 7335 7454 7610 7706 7825
       7947 8064 8184 8305 8422 8545 8665 8785 8902 9022 9138 9278 $
56   89 208 246 655 691 953 1069 1267 1708 2058 2102 2904 3023 3062
       3179 3303 3469 3622 3656 3860 3965 4257 4377 4481 4544 4746
       4863 4899 5104 5225 5346 5464 5583 5704 5825 5862 6067 6187
       6307 6427 6547 6668 6790 6922 7043 7165 7281 7401 7592 7654
       7860 7895 8017 8217 8339 8578 8699 8818 8936 9055 9172 9248 $
57   111 230 353 677 798 1056 1176 1291 1808 2080 2207 2929 3048 3168
       3289 3409 3463 3644 3765 3882 4017 4279 4398 4532 4646 4767
       4885 5007 5126 5247 5368 5486 5605 5726 5847 5968 6089 6209
       6329 6449 6569 6690 6812 7031 7153 7270 7389 7508 7644 7762
       7882 8003 8120 8239 8361 8483 8600 8721 8839 8958 9077 9194 $
58   117 236 359 683 804 1182 1297 1814 2086 2213 2935 3054 3174 3295
       3415 3420 3650 3771 3888 3914 4284 4403 4430 4652 4773 4891
       5013 5132 5253 5374 5492 5611 5733 5853 5974 6095 6215 6335
       6455 6575 6696 6818 7037 7159 7276 7395 7514 7540 7768 7888
       8009 8126 8245 8367 8489 8606 8727 8844 8964 9083 9200 9226 $
59   34 153 279 598 723 983 1102 1217 1735 2007 2132 2848 2967 3093
       3214 3334 3464 3565 3690 3805 3892 4201 4321 4407 4574 4689
       4809 4934 5048 5168 5289 5409 5528 5647 5768 5893 6010 6130
       6250 6370 6490 6611 6733 6957 7079 7199 7316 7517 7687 7803
       7928 8046 8162 8283 8400 8525 8643 8763 8880 9000 9118 $
60   88 207 328 654 773 1032 1151 1266 1783 2057 2182 2903 3022 3143
       3264 3384 3621 3740 3859 3966 4256 4376 4482 4623 4745 4862
       4983 5103 5224 5345 5463 5582 5703 5824 5943 6066 6186 6306
       6426 6546 6667 6789 7006 7128 7248 7365 7484 7593 7737 7859
       7978 8095 8216 8338 8577 8698 8817 8935 9054 9171 9249 $
61   93 212 333 659 778 1037 1156 1272 1788 2062 2187 2909 3028 3148
       3269 3389 3626 3745 3864 4022 4261 4381 4536 4628 4750 4867
       4988 5108 5229 5350 5468 5587 5708 5829 5948 6071 6191 6311
       6431 6551 6672 6794 7011 7133 7253 7370 7489 7648 7742 7864
       7983 8100 8221 8343 8462 8582 8703 8822 8940 9059 9176 $
62   15 262 578 706 966 1085 1718 1987 2116 2827 2945 3076 3197 3317
       3546 3672 3786 3938 4182 4301 4454 4557 4669 4790 4917 5028
       5149 5269 5390 5509 5628 5749 5875 5990 6111 6231 6351 6471
       6591 6713 6940 7063 7183 7299 7419 7564 7670 7783 7912 8030
       8143 8263 8378 8505 8623 8744 8860 8981 9099 9217 $
63   75 194 315 641 759 1018 1137 1253 1769 2044 2168 2889 3008 3129
       3250 3370 3513 3608 3726 3846 4243 4363 4610 4732 4849 4970
       5090 5211 5332 5450 5569 5690 5811 5929 6053 6173 6293 6413
       6533 6654 6776 6992 7114 7235 7352 7471 7723 7846 7964 8081
       8203 8325 8442 8564 8685 8804 8922 9041 9158 9260 $
64   94 213 334 660 779 1038 1157 1273 1789 2063 2188 2774 2910 3029
       3149 3270 3390 3627 3746 3865 4262 4382 4629 4751 4868 4989
       5109 5230 5351 5469 5588 5709 5830 5949 6072 6192 6312 6432
       6552 6673 6795 7012 7134 7254 7371 7490 7743 7865 7984 8101
       8222 8344 8463 8583 8704 8823 8941 9060 9177 9233 $
65   1 122 253 564 692 946 1076 1246 1706 1976 2094 2367 2881 3000
       3067 3188 3308 3535 3772 4168 4287 4545 4654 4775 4898 5018
       5135 5259 5376 5495 5617 5739 5863 5976 6097 6217 6337 6458
       6577 6699 6921 7042 7164 7280 7400 7653 7773 7894 8018 8132
       8252 8433 8494 8612 8730 8846 8970 9086 9267 $
66   3 239 568 685 950 1062 1208 1698 1972 2098 3058 3183 3299 3434
       3530 3662 3776 3927 4172 4291 4443 4538 4659 4780 4906 5014
       5139 5255 5380 5499 5615 5735 5856 5980 6101 6221 6341 6462
       6581 6703 6928 7049 7172 7288 7408 7553 7660 7769 7901 8011
       8127 8248 8389 8490 8608 8734 8850 8966 9201 $
67   14 133 261 577 705 965 1084 1198 1717 1986 2115 2826 2944 3075
       3196 3316 3545 3671 3785 4181 4300 4556 4668 4789 4916 5027
       5148 5268 5389 5508 5627 5748 5874 5989 6110 6230 6350 6470
       6590 6712 6939 7062 7182 7298 7418 7669 7782 7911 8029 8142
       8262 8377 8504 8622 8743 8859 8980 9098 9218 $
68   17 135 263 580 707 967 1086 1200 1719 1989 2117 2829 2947 3077
       3198 3318 3548 3673 3788 4184 4303 4558 4671 4792 4918 5030
       5151 5271 5392 5511 5630 5751 5876 5992 6113 6233 6353 6473
       6593 6715 6941 7064 7184 7300 7420 7671 7785 7913 8031 8145
       8265 8380 8507 8625 8746 8862 8983 9101 9215 $
69   22 140 267 585 711 971 1090 1187 1723 1994 2121 2834 2952 3081
       3202 3322 3553 3677 3793 4189 4308 4562 4676 4797 4922 5035
       5156 5276 5397 5516 5635 5756 5880 5997 6118 6238 6358 6478
       6598 6720 6945 7068 7188 7304 7424 7675 7790 7917 8035 8150
       8270 8385 8512 8630 8751 8867 8988 9106 9211 $
70   42 161 287 606 731 991 1110 1223 1742 2014 2140 2856 2975 3101
       3222 3342 3573 3698 3813 4209 4329 4582 4697 4816 4942 5056
       5176 5297 5417 5536 5655 5776 5901 6018 6138 6258 6378 6498
       6619 6741 6965 7087 7207 7324 7443 7695 7811 7936 8053 8170
       8291 8408 8531 8651 8771 8888 9008 9124 9291 $
71   43 162 288 607 732 992 1111 1224 1743 2015 2141 2857 2976 3102
       3223 3343 3574 3699 3814 4210 4330 4583 4698 4817 4943 5057
       5177 5298 5418 5537 5656 5777 5902 6019 6139 6259 6379 6499
       6620 6742 6966 7088 7208 7325 7444 7696 7812 7937 8054 8171
       8292 8409 8532 8652 8772 8889 9009 9125 9290 $
72   45 164 289 609 733 993 1112 1225 1744 2017 2142 2859 2978 3103
       3224 3344 3576 3700 3816 4212 4332 4584 4700 4819 4944 5059
       5179 5300 5420 5539 5658 5779 5903 6021 6141 6261 6381 6501
       6622 6744 6967 7089 7209 7326 7445 7697 7814 7938 8055 8173
       8294 8411 8534 8654 8774 8891 9011 9127 9288 $
73   47 166 291 611 735 995 1114 1227 1746 2019 2144 2861 2980 3105
       3226 3346 3578 3702 3818 4214 4334 4586 4702 4821 4946 5061
       5181 5302 5422 5541 5660 5781 5905 6023 6143 6263 6383 6503
       6624 6746 6969 7091 7211 7328 7447 7699 7816 7940 8057 8175
       8296 8413 8536 8656 8776 8893 9013 9129 9286 $
74   48 167 292 612 736 996 1115 1228 1747 2020 2145 2862 2981 3106
       3227 3347 3579 3703 3819 4215 4335 4587 4703 4822 4947 5062
       5182 5303 5423 5542 5661 5782 5906 6024 6144 6264 6384 6504
       6625 6747 6970 7092 7212 7329 7448 7700 7817 7941 8058 8176
       8297 8414 8537 8657 8777 8894 9014 9130 9285 $
75   52 171 295 616 739 999 1118 1232 1750 2024 2148 2866 2985 3109
       3230 3350 3583 3706 3823 4219 4339 4590 4707 4826 4950 5066
       5186 5307 5427 5546 5665 5786 5909 6028 6148 6268 6388 6508
       6629 6751 6973 7095 7215 7332 7451 7703 7821 7944 8061 8180
       8301 8418 8541 8661 8781 8898 9018 9134 9281 $
76   53 172 296 617 740 1000 1119 1233 1751 2025 2149 2867 2986 3110
       3231 3351 3584 3707 3824 4220 4340 4591 4708 4827 4951 5067
       5187 5308 5428 5547 5666 5787 5910 6029 6149 6269 6389 6509
       6630 6752 6974 7096 7216 7333 7452 7704 7822 7945 8062 8181
       8302 8419 8542 8662 8782 8899 9019 9135 9280 $
77   62 181 304 628 748 1008 1127 1243 1759 2036 2157 2877 2996 3118
       3239 3359 3595 3715 3833 4230 4350 4599 4719 4836 4959 5078
       5198 5319 5437 5556 5677 5798 5918 6040 6160 6280 6400 6520
       6641 6763 6982 7104 7224 7341 7460 7712 7833 7953 8070 8190
       8312 8429 8553 8672 8792 8910 9028 9145 9271 $
78   65 184 307 631 751 1011 1130 1247 1762 2090 2160 2882 3001 3121
       3242 3362 3598 3718 3836 4233 4353 4602 4722 4839 4962 5081
       5201 5322 5440 5559 5680 5801 5921 6043 6163 6283 6403 6523
       6644 6766 6985 7107 7227 7344 7463 7715 7836 7956 8073 8193
       8315 8434 8556 8675 8795 8913 9031 9148 9266 $
79   81 200 321 647 766 1025 1144 1260 1776 2050 2175 2896 3015 3136
       3257 3377 3614 3733 3852 4249 4369 4616 4738 4855 4976 5096
       5217 5338 5456 5575 5696 5817 5936 6059 6179 6299 6419 6539
       6660 6782 6999 7121 7241 7358 7477 7730 7852 7971 8088 8209
       8331 8449 8570 8691 8810 8928 9047 9164 9255 $
80   82 201 322 648 767 1026 1145 1183 1777 2051 2176 2897 3016 3137
       3258 3378 3615 3734 3853 4250 4370 4617 4739 4856 4977 5097
       5218 5339 5457 5576 5697 5818 5937 6060 6180 6300 6420 6540
       6661 6783 7000 7122 7242 7359 7478 7731 7853 7972 8089 8210
       8332 8450 8571 8692 8811 8929 9048 9165 9306 $
81   96 215 336 662 781 1040 1159 1275 1791 2065 2190 2912 3031 3151
       3272 3392 3629 3748 3867 4264 4384 4631 4753 4870 4991 5111
       5232 5353 5471 5590 5711 5832 5951 6074 6194 6314 6434 6554
       6675 6797 7014 7136 7256 7373 7492 7745 7867 7986 8103 8224
       8346 8465 8585 8706 8825 8943 9062 9179 9235 $
82   98 217 338 664 783 1042 1161 1277 1793 2067 2192 2914 3033 3153
       3274 3394 3631 3750 3869 4266 4386 4633 4755 4872 4993 5113
       5234 5355 5473 5592 5713 5834 5953 6076 6196 6316 6436 6556
       6677 6799 7016 7138 7258 7375 7494 7747 7869 7988 8105 8226
       8348 8467 8587 8708 8827 8945 9064 9181 9236 $
83   112 231 354 678 799 1057 1177 1809 2081 2208 2930 3049 3169 3290
       3410 3645 3766 3883 4280 4399 4647 4768 4886 5008 5127 5248
       5369 5487 5606 5728 5848 5969 6090 6210 6330 6450 6570 6691
       6813 7032 7154 7271 7390 7509 7763 7883 8004 8121 8240 8362
       8484 8601 8722 8840 8959 9078 9195 9231 9232 $
84   0 121 329 566 774 1033 1152 1268 1784 1974 2183 2905 3024 3144
       3265 3385 3533 3741 3774 4170 4289 4624 4656 4777 4984 5016
       5137 5257 5378 5497 5618 5737 5944 5978 6099 6219 6339 6460
       6579 6701 7007 7129 7249 7366 7485 7738 7771 7979 8096 8130
       8250 8458 8492 8610 8732 8848 8968 9088 $
85   2 123 244 567 689 949 1067 1186 1705 1973 2097 2880 2999 3057
       3184 3298 3532 3658 3775 4171 4290 4542 4657 4778 4901 5015
       5138 5256 5379 5498 5616 5736 5860 5979 6100 6220 6340 6461
       6580 6702 6924 7045 7167 7283 7403 7656 7770 7897 8015 8129
       8249 8432 8491 8609 8733 8849 8967 9089 $
86   8 127 255 571 699 959 1078 1193 1711 1980 2109 2821 2938 3069
       3190 3310 3539 3665 3779 4175 4294 4550 4662 4783 4910 5021
       5142 5262 5383 5502 5621 5742 5868 5983 6104 6224 6344 6465
       6584 6706 6933 7056 7176 7292 7412 7663 7776 7905 8023 8136
       8256 8371 8498 8616 8737 8853 8974 9092 $
87   39 158 284 603 728 988 1107 1220 1740 2012 2137 2853 2972 3098
       3219 3339 3570 3695 3810 4206 4326 4579 4694 4814 4939 5053
       5173 5294 5414 5533 5652 5773 5898 6015 6135 6255 6375 6495
       6616 6738 6962 7084 7204 7321 7440 7692 7808 7933 8051 8167
       8288 8405 8528 8648 8768 8885 9005 9294 $
88   44 163 248 608 694 952 1071 1701 2016 2100 2858 2977 3060 3181
       3301 3575 3654 3815 4211 4331 4547 4699 4818 4896 5058 5178
       5299 5419 5538 5657 5778 5865 6020 6140 6260 6380 6500 6621
       6743 6919 7040 7162 7278 7398 7651 7813 7892 8019 8172 8293
       8410 8533 8653 8773 8890 9010 9126 9289 $
89   54 173 297 618 741 1001 1120 1234 1752 2026 2150 2868 2987 3111
       3232 3352 3585 3708 3825 4221 4341 4592 4709 4828 4952 5068
       5188 5309 5429 5548 5667 5788 5911 6030 6150 6270 6390 6510
       6631 6753 6975 7097 7217 7334 7453 7705 7823 7946 8063 8182
       8303 8420 8543 8663 8783 8900 9020 9136 $
90   66 185 308 632 752 1012 1131 1248 1763 2091 2161 2883 3002 3122
       3243 3363 3599 3719 3837 4234 4354 4603 4723 4840 4963 5082
       5202 5323 5441 5560 5681 5802 5922 6044 6164 6284 6404 6524
       6645 6767 6986 7108 7228 7345 7464 7716 7837 7957 8074 8194
       8316 8435 8676 8796 8914 9032 9149 9265 $
91   69 188 311 635 755 1134 1249 1765 2038 2164 2885 3004 3125 3246
       3366 3602 3722 3840 4237 4357 4606 4726 4843 4966 5085 5205
       5326 5444 5563 5684 5805 5925 6047 6167 6287 6407 6527 6648
       6770 6989 7111 7231 7348 7467 7719 7840 7960 8077 8197 8319
       8438 8559 8679 8799 8917 9035 9152 9263 $
92   71 190 312 637 756 1015 1135 1250 1766 2040 2165 2886 3005 3126
       3247 3367 3604 3723 3842 4239 4359 4607 4728 4845 4967 5086
       5207 5328 5446 5565 5686 5807 5926 6049 6169 6289 6409 6529
       6650 6772 6990 7112 7232 7349 7468 7720 7842 7961 8078 8199
       8321 8439 8561 8681 8800 8918 9037 9154 $
93   72 191 313 638 757 1016 1136 1251 1767 2041 2166 2887 3006 3127
       3248 3368 3605 3724 3843 4240 4360 4608 4729 4846 4968 5087
       5208 5329 5447 5566 5687 5808 5927 6050 6170 6290 6410 6530
       6651 6773 6991 7113 7233 7350 7469 7721 7843 7962 8079 8200
       8322 8440 8562 8682 8801 8919 9038 9155 $
94   77 196 251 643 761 1020 1139 1255 1771 2046 2170 2891 3010 3131
       3252 3372 3610 3728 3848 4245 4365 4612 4734 4851 4972 5092
       5213 5334 5452 5571 5692 5813 5931 6055 6175 6295 6415 6535
       6656 6778 6994 7116 7237 7354 7473 7725 7848 7966 8083 8205
       8327 8444 8566 8687 8806 8924 9043 9160 $
95   97 216 337 663 782 1041 1160 1276 1792 2066 2191 2913 3032 3152
       3273 3393 3630 3749 3868 4265 4385 4632 4754 4871 4992 5112
       5233 5354 5472 5591 5712 5833 5952 6075 6195 6315 6435 6555
       6676 6798 7015 7137 7257 7374 7493 7746 7868 7987 8104 8225
       8347 8466 8586 8707 8826 8944 9063 9180 $
96   99 218 339 665 784 1043 1162 1278 1794 2068 2193 2915 3034 3154
       3275 3395 3632 3751 3870 4267 4387 4634 4756 4873 4994 5114
       5235 5356 5474 5593 5714 5835 5954 6077 6197 6317 6437 6557
       6678 6800 7017 7139 7259 7376 7495 7748 7870 7989 8106 8227
       8349 8468 8588 8709 8828 8946 9065 9182 $
97   102 221 344 668 789 1048 1167 1185 1799 2071 2198 2919 3038 3159
       3280 3400 3635 3756 3873 4270 4390 4638 4759 4876 4999 5117
       5238 5359 5477 5596 5717 5838 5959 6080 6200 6320 6440 6560
       6681 6803 7022 7144 7262 7381 7500 7753 7873 7994 8111 8230
       8352 8473 8591 8712 8831 8949 9068 9185 $
98   103 222 245 669 690 1068 1282 1709 2072 2103 2920 3039 3063 3178
       3304 3636 3657 3874 4271 4391 4543 4760 4877 4900 5118 5239
       5360 5478 5597 5718 5839 5861 6081 6201 6321 6441 6561 6682
       6804 6923 7044 7166 7282 7402 7655 7874 7896 8016 8231 8353
       8474 8592 8713 8832 8950 9069 9186 9239 $
99   110 229 352 676 797 1055 1175 1290 1807 2079 2206 2928 3047 3167
       3288 3408 3643 3764 3881 4278 4397 4645 4766 4884 5006 5125
       5246 5367 5485 5604 5725 5846 5967 6088 6208 6328 6448 6568
       6689 6811 7030 7152 7269 7388 7507 7761 7881 8002 8119 8238
       8360 8482 8599 8720 8838 8957 9076 9193 $
100  4 120 341 565 786 1045 1164 1279 1796 1975 2195 2916 3035 3156
       3277 3397 3534 3753 3773 4169 4288 4635 4655 4776 4996 5017
       5136 5258 5377 5496 5614 5738 5956 5977 6098 6218 6338 6459
       6578 6700 7019 7141 7378 7497 7750 7772 7991 8108 8131 8251
       8470 8493 8611 8731 8847 8969 9087 $
101  9 128 256 572 700 960 1079 1194 1712 1981 2110 2822 2939 3070
       3191 3311 3540 3666 3780 4176 4295 4551 4663 4784 4911 5022
       5143 5263 5384 5503 5622 5743 5869 5984 6105 6225 6345 6585
       6707 6934 7057 7177 7293 7413 7664 7777 7906 8024 8137 8257
       8372 8499 8617 8738 8854 8975 9093 $
102  30 149 243 594 688 951 1066 1213 1700 2003 2099 2844 2963 3059
       3182 3300 3561 3659 3801 4197 4317 4541 4685 4805 4902 5044
       5164 5285 5405 5524 5643 5764 5859 6006 6126 6246 6366 6486
       6607 6729 6925 7046 7168 7284 7404 7657 7799 7898 8014 8158
       8279 8521 8639 8759 8876 8996 9114 $
103  36 155 281 600 725 985 1104 1218 1737 2009 2134 2850 2969 3095
       3216 3336 3567 3692 3807 4203 4323 4576 4691 4811 4936 5050
       5170 5291 5411 5530 5649 5770 5895 6012 6132 6252 6372 6492
       6613 6735 6959 7081 7201 7318 7437 7689 7805 7930 8048 8164
       8285 8402 8645 8765 8882 9002 9120 $
104  41 160 286 605 730 990 1109 1222 1741 2088 2139 2855 2974 3100
       3221 3341 3572 3697 3812 4208 4328 4581 4696 4941 5055 5175
       5296 5416 5535 5654 5775 5900 6017 6137 6257 6377 6497 6618
       6740 6964 7086 7206 7323 7442 7694 7810 7935 8052 8169 8290
       8407 8530 8650 8770 8887 9007 9123 $
105  100 219 342 666 787 1046 1165 1280 1797 2069 2196 2917 3036 3157
       3278 3398 3633 3754 3871 4268 4388 4636 4757 4874 4997 5115
       5236 5357 5475 5594 5715 5836 5957 6078 6198 6318 6438 6558
       6679 6801 7020 7142 7379 7498 7751 7871 7992 8109 8228 8350
       8471 8589 8710 8829 8947 9066 9183 $
106  40 159 285 604 729 989 1108 1221 2013 2138 2854 2973 3099 3220
       3340 3571 3696 3811 4207 4327 4580 4695 4815 4940 5054 5174
       5295 5415 5534 5653 5774 5899 6016 6136 6256 6376 6496 6617
       6739 6963 7085 7205 7322 7441 7693 7809 7934 8168 8289 8406
       8529 8649 8769 8886 9006 9293 $
107  61 180 250 627 696 1073 1242 1704 2035 2101 2876 2995 3061 3180
       3302 3501 3594 3652 3978 4229 4349 4494 4718 4835 4895 5077
       5197 5318 5436 5676 5797 5866 6039 6159 6279 6399 6519 6640
       6762 6917 7038 7160 7277 7396 7605 7649 7832 7890 8020 8311
       8428 8552 8671 8791 8909 9272 $
108  67 186 309 633 753 1013 1132 2092 2162 2884 3003 3123 3244 3364
       3600 3720 3838 4235 4355 4604 4724 4841 4964 5083 5203 5324
       5442 5561 5682 5803 5923 6045 6165 6285 6405 6525 6646 6768
       6987 7109 7229 7346 7465 7717 7838 7958 8075 8195 8317 8436
       8557 8677 8797 8915 9033 9150 $
109  114 233 356 680 801 1059 1179 1294 1811 2083 2210 2932 3051 3171
       3292 3412 3647 3768 3885 4649 4770 4888 5010 5129 5250 5371
       5489 5608 5730 5850 5971 6092 6212 6332 6452 6572 6693 6815
       7034 7156 7273 7392 7511 7765 7885 8006 8123 8242 8364 8486
       8603 8724 8961 9080 9197 9229 $
110  68 187 310 634 754 1014 1133 1764 2093 2163 3124 3245 3365 3601
       3721 3839 4236 4356 4605 4725 4842 4965 5084 5204 5325 5443
       5562 5683 5804 5924 6046 6166 6286 6406 6526 6647 6769 6988
       7110 7230 7347 7466 7718 7839 7959 8076 8196 8318 8437 8558
       8678 8798 8916 9034 9151 $
111  108 227 350 674 795 1173 1288 1805 2077 2204 2926 3045 3165 3286
       3406 3641 3762 3879 4276 4643 4882 5004 5123 5244 5365 5483
       5602 5723 5844 5965 6086 6206 6326 6446 6566 6687 6809 7028
       7150 7267 7386 7505 7759 7879 8000 8117 8236 8358 8480 8597
       8718 8955 9074 9191 9305 $
112  73 192 242 639 687 947 1065 1707 2042 2095 3055 3186 3296 3606
       3660 3844 4241 4361 4540 4730 4847 4903 5088 5209 5330 5448
       5567 5688 5809 5858 6051 6171 6291 6411 6531 6652 6774 6926
       7047 7169 7285 7405 7658 7844 7899 8013 8201 8323 8563 8683
       8802 8920 9039 9156 $
113  119 238 271 715 975 1094 1727 2087 2125 2956 3085 3206 3326 3651
       3681 4285 4404 4566 4774 4892 4926 5133 5254 5375 5493 5612
       5734 5854 5884 6096 6216 6336 6456 6576 6697 6819 6949 7072
       7192 7308 7428 7679 7889 7921 8039 8246 8368 8607 8728 8845
       8965 9084 9202 9207 $
114  302 625 746 1006 1125 1240 1757 2033 2155 2874 2993 3116 3237
       3357 3471 3592 3713 3831 3968 4484 4597 4716 4893 4957 5075
       5195 5316 5554 5674 5795 5916 6037 6157 6277 6517 6638 6760
       6980 7102 7222 7339 7458 7595 7710 7830 7951 8068 8188 8426
       8550 8907 9143 9274 $
115  21 139 252 584 697 1075 1204 1993 2833 2951 3187 3552 3792 4188
       4307 4548 4675 4796 5034 5155 5275 5396 5515 5634 5755 5996
       6117 6237 6357 6477 6597 6719 6931 7789 8149 8269 8384 8511
       8629 8750 8866 8987 9105 9212 $
116  16 118 134 579 957 1988 2828 2946 3443 3547 3787 3937 4183 4302
       4453 4670 4791 5029 5150 5270 5391 5510 5629 5750 5991 6112
       6232 6352 6472 6592 6714 7563 7784 8144 8264 8379 8506 8624
       8745 8861 8982 9100 9216 $
117  55 174 619 2027 2869 2988 3495 3586 3826 3984 4222 4342 4500 4710
       4829 5069 5189 5310 5430 5549 5668 5789 6031 6151 6271 6391
       6511 6632 6754 7611 7824 8183 8304 8421 8544 8664 8784 8901
       9021 9137 9279 $
118  5 124 249 563 695 955 1072 1189 1699 1977 2105 2842 2960 3065
       3176 3306 3536 3653 4167 4286 4653 5134 5975 6457 6698 6918
       7039 7161 7397 7650 7891 8133 8253 8495 8613 8729 8971 9304 $
119  70 189 636 2039 2222 2230 3472 3603 3841 3945 4103 4238 4358 4461
       4727 4844 5206 5327 5445 5564 5685 5806 6048 6168 6288 6408
       6528 6649 6771 7572 7841 8198 8320 8560 8680 9036 9153 $
120  317 762 1021 1140 1256 1772 2171 2892 3011 3132 3253 3373 3518
       3729 3889 4894 4907 5613 5932 6826 6995 7117 7173 7289 7409
       7726 7967 8084 8247 8445 9085 9203 $
121  624 1239 2032 3591 4227 4347 4715 5074 5194 5315 5673 5794 6036
       6156 6276 6396 6516 6637 6759 7053 7054 7829 8309 8549 8669
       8789 8906 9026 9142 $
122  240 684 954 1063 1188 1703 2104 3064 3177 3305 3531 3663 4537
       4658 4779 4905 5855 6929 7050 7171 7287 7407 7661 7902 8010
       8128 $
123  348 793 1052 1171 1286 1803 2202 2924 3043 3163 3284 3404 3760
       4908 5963 7026 7148 7174 7290 7410 7757 7998 8115 8478 $
124  366 425 453 454 468 532 1337 1354 1405 1415 1441 1468 1470 1511
       1573 1579 1606 1634 1659 1681 1683 1898 1953 2757 $
125  465 529 840 1384 1495 1614 2261 2289 2292 2321 2338 2345 2346
       2681 2739 4034 4043 4115 4128 4133 4141 4146 6840 $
126  340 785 1044 1163 1795 2194 3155 3276 3396 3752 4995 5955 7018
       7140 7260 7377 7496 7749 7990 8107 8469 $
127  364 424 1414 1658 2668 2669 2674 2683 2699 2700 2713 2734 2742
       2743 2744 2745 2746 2747 2771 2788 3452 $
128  480 537 554 1304 1428 1445 1472 1506 1623 1673 1693 1834 1862
       1904 1928 2562 $
129  447 544 1356 1379 1417 1815 1844 1897 1932 1940 1948 1964 1971 $
130  2390 2391 2392 2393 2395 2396 2397 2399 2615 2616 2617 $
131  448 489 1301 1534 1535 1570 1571 1674 1676 1691 $
132  485 901 1433 1694 1899 2334 2421 2647 4136 6821 $
133  2254 3450 3476 3902 3954 4044 4418 4470 7528 7581 $
134  2373 2374 2375 2428 2429 2432 2433 2434 2436 2618 $
135  390 860 1430 1582 1861 2352 2614 4126 6859 $
136  459 521 1350 1656 1878 2358 2427 2696 4158 $
137  460 1454 1600 1921 2255 3951 4027 4467 7578 $
138  2225 2298 2313 3451 3922 4033 4117 4438 7548 $
139  2677 2711 2712 2752 2753 2754 2779 2780 2781 $
140  3891 3895 4008 4406 4410 4523 7516 7520 7635 $
141  3949 4014 4015 4465 4529 4530 7576 7641 7642 $
142  431 936 1323 1537 1882 2497 2804 6874 $
143  516 1361 1491 1821 2256 2561 2672 4028 $
144  2446 2447 2448 2449 2450 2451 2452 2456 $
145  429 458 1316 1397 1398 1427 1627 $
146  449 504 1386 1488 1655 1925 2575 $
147  542 1333 1644 1919 2353 2717 4156 $
148  551 848 1404 1626 1931 2785 6882 $
149  806 2260 3890 4032 4405 6872 7515 $
150  807 881 882 883 884 885 930 $
151  822 1321 1841 2362 2703 4025 6864 $
152  829 830 831 833 834 836 837 $
153  850 3950 4009 4466 4524 7577 7636 $
154  929 1549 2303 2709 2799 4099 6894 $
155  1311 1324 1390 1402 1451 1561 1645 $
156  2692 2694 2761 2762 2800 2801 2802 $
157  3429 3975 3976 4491 4492 7602 7603 $
158  3457 4004 4011 4519 4526 7631 7638 $
159  368 1490 3454 3908 4424 7534 $
160  408 437 442 506 1327 1593 $
161  415 1432 1533 1915 2480 2784 $
162  426 427 1336 1616 1888 2477 $
163  435 1403 1572 1930 2504 2649 $
164  446 1380 1526 1916 2559 2805 $
165  450 1467 1597 1941 2576 2710 $
166  455 1475 1522 1934 2476 2748 $
167  464 818 1442 1914 2724 6824 $
168  476 2741 3423 3909 4425 7535 $
169  528 1443 1554 1624 1917 2690 $
170  538 1343 1544 1963 2548 2798 $
171  540 1328 1459 1546 1820 1918 $
172  541 1394 1548 1638 1879 1966 $
173  809 1469 1831 2273 4050 6846 $
174  815 2272 2732 2751 4052 6853 $
175  943 1331 1823 2293 4113 6849 $
176  2453 2454 2589 2630 2631 2632 $
177  3466 3520 3523 4016 4531 7643 $
178  360 500 501 1539 1599 $
179  362 1426 1497 1929 2772 $
180  363 1408 1615 1946 2667 $
181  374 1447 1577 1954 2722 $
182  376 1463 1687 1828 2682 $
183  444 1401 1524 1913 2670 $
184  445 1317 1318 1525 1912 $
185  463 1329 1886 2697 2704 $
186  471 1319 1562 1965 2688 $
187  481 1429 1496 1876 2560 $
188  495 1418 1668 1947 2660 $
189  505 1444 1520 1952 2588 $
190  507 1353 1636 1883 2814 $
191  509 1421 1667 1959 2689 $
192  510 1347 1547 1890 2424 $
193  520 1396 1669 1892 2708 $
194  533 1609 1612 1618 2661 $
195  536 1332 1512 1824 2527 $
196  543 1326 1486 1822 2484 $
197  552 1419 1625 1926 2470 $
198  556 1423 1482 1961 2768 $
199  870 2234 2651 4066 6881 $
200  879 909 910 911 912 $
201  900 2227 2277 2341 4142 $
202  1437 1501 1950 2233 4067 $
203  2327 3971 4151 4487 7598 $
204  3430 3502 3977 4493 7604 $
205  3456 3946 4462 6827 7573 $
206  367 1399 1690 2416 $
207  371 1542 1592 1652 $
208  377 1305 1686 1943 $
209  383 1485 1560 1675 $
210  401 1360 1663 1870 $
211  403 1458 1662 1895 $
212  423 1358 1551 1922 $
213  433 1315 1843 2597 $
214  466 1320 1679 1911 $
215  479 1400 1601 1949 $
216  483 1371 1620 1858 $
217  494 1385 1643 1903 $
218  518 1338 1517 1968 $
219  519 1310 1670 1848 $
220  534 1411 1489 1875 $
221  561 1334 1499 1920 $
222  562 1453 1498 1967 $
223  593 6728 8520 8875 $
224  827 2319 4131 6871 $
225  861 2218 2705 4161 $
226  865 2259 4030 6907 $
227  897 2267 4048 6915 $
228  919 2359 4157 6835 $
229  931 2315 4120 6892 $
230  2232 2237 4061 4102 $
231  2248 2284 4072 4082 $
232  2275 2355 4093 4154 $
233  2287 2297 4079 4108 $
234  2389 3903 4419 7529 $
235  2518 2520 2522 2525 $
236  2591 2593 2595 2612 $
237  3419 3915 4431 7541 $
238  3421 3911 4427 7537 $
239  3431 3924 4440 7550 $
240  3435 3928 4444 7554 $
241  3442 3939 4455 7565 $
242  3444 3936 4452 7562 $
243  3447 3933 4449 7559 $
244  3465 3896 4411 7521 $
245  3474 3952 4468 7579 $
246  3475 3912 4428 7538 $
247  3478 4412 7522 9269 $
248  3482 3899 4415 7525 $
249  3486 3997 4513 7624 $
250  3488 3995 4511 7622 $
251  3489 3994 4510 7621 $
252  3493 3986 4502 7613 $
253  3494 3985 4501 7612 $
254  3504 3942 4458 7568 $
255  3510 3955 4471 7582 $
256  3526 3920 4436 7546 $
257  387 1313 1851 $
258  412 1530 1829 $
259  436 1567 2715 $
260  452 1650 1830 $
261  474 1367 1832 $
262  475 1465 1853 $
263  549 1678 2684 $
264  559 1540 1935 $
265  560 1541 2750 $
266  814 2250 6854 $
267  847 2364 6883 $
268  859 2361 4026 $
269  892 2719 3505 $
270  1309 1845 1847 $
271  1357 1863 2571 $
272  1457 1896 2570 $
273  1462 1827 2565 $
274  2258 2300 4096 $
275  2318 4075 4124 $
276  2519 2521 2524 $
277  2592 2594 2596 $
278  2625 2626 2627 $
279  2633 2634 2635 $
280  3485 3998 7625 $
281  3901 4417 7527 $
282  3913 4429 7539 $
283  3923 4439 7549 $
284  3943 4459 7570 $
285  3944 4460 7571 $
286  3948 4464 7575 $
287  3953 4469 7580 $
288  3987 4503 7614 $
289  3990 4506 7617 $
290  3991 4507 7618 $
291  3992 4508 7619 $
292  3999 4514 7626 $
293  4000 4515 7627 $
294  4001 4516 7628 $
295  4002 4517 7629 $
296  4003 4518 7630 $
297  4019 4534 7646 $
298  237 1199 $
299  361 1372 $
300  369 1689 $
301  373 1630 $
302  375 1299 $
303  379 1631 $
304  384 1607 $
305  386 1584 $
306  393 1580 $
307  399 1666 $
308  402 1476 $
309  404 1661 $
310  407 1464 $
311  409 1654 $
312  411 1532 $
313  414 1527 $
314  419 1559 $
315  420 1558 $
316  428 1362 $
317  451 1581 $
318  456 1523 $
319  457 1647 $
320  461 1565 $
321  470 1438 $
322  472 1483 $
323  477 1603 $
324  478 1602 $
325  490 1611 $
326  498 1682 $
327  499 1677 $
328  502 1684 $
329  514 1509 $
330  522 1500 $
331  525 1479 $
332  526 1660 $
333  531 1610 $
334  539 1474 $
335  545 1352 $
336  546 1649 $
337  555 1507 $
338  557 1484 $
339  558 1553 $
340  812 6855 $
341  817 6825 $
342  819 6823 $
343  824 6867 $
344  843 6838 $
345  856 6832 $
346  867 6909 $
347  872 891 $
348  875 6900 $
349  878 6903 $
350  893 6833 $
351  905 6898 $
352  907 6899 $
353  908 6879 $
354  916 6837 $
355  920 6896 $
356  921 6895 $
357  922 6891 $
358  926 6888 $
359  927 928 $
360  934 6876 $
361  940 6878 $
362  1302 1840 $
363  1303 1842 $
364  1312 1850 $
365  1330 1962 $
366  1339 1923 $
367  1342 1854 $
368  1345 1881 $
369  1346 1818 $
370  1348 1891 $
371  1349 1825 $
372  1363 1872 $
373  1376 1855 $
374  1387 1909 $
375  1388 1864 $
376  1393 1816 $
377  1409 1945 $
378  1410 1646 $
379  1413 1957 $
380  1434 1900 $
381  1435 1504 $
382  1439 1874 $
383  1440 1884 $
384  1449 1817 $
385  1455 1942 $
386  1460 1901 $
387  1513 1515 $
388  1514 1516 $
389  1528 1633 $
390  1543 1653 $
391  1555 1970 $
392  1590 2371 $
393  2215 4165 $
394  2216 4164 $
395  2219 4160 $
396  2220 4040 $
397  2221 4041 $
398  2223 4042 $
399  2224 4036 $
400  2226 4058 $
401  2229 4060 $
402  2231 4037 $
403  2235 4064 $
404  2236 4065 $
405  2239 4062 $
406  2240 4063 $
407  2242 4101 $
408  2243 4100 $
409  2244 4104 $
410  2245 4106 $
411  2247 4053 $
412  2249 4054 $
413  2251 4055 $
414  2252 4056 $
415  2263 4038 $
416  2266 4047 $
417  2271 4090 $
418  2276 4094 $
419  2278 4088 $
420  2279 4086 $
421  2280 4085 $
422  2281 4084 $
423  2282 4083 $
424  2285 4081 $
425  2286 4080 $
426  2291 4109 $
427  2294 4112 $
428  2295 4111 $
429  2296 4114 $
430  2299 4107 $
431  2301 4097 $
432  2305 4069 $
433  2306 4070 $
434  2310 4078 $
435  2312 4116 $
436  2314 4119 $
437  2317 4123 $
438  2325 4153 $
439  2326 4152 $
440  2329 4150 $
441  2331 4148 $
442  2335 4135 $
443  2336 4137 $
444  2337 4140 $
445  2340 4139 $
446  2342 4144 $
447  2347 4132 $
448  2354 4155 $
449  2360 4162 $
450  2363 4024 $
451  2365 4023 $
452  2407 2420 $
453  2463 2464 $
454  2489 2491 $
455  2534 2535 $
456  2577 2578 $
457  2579 2580 $
458  2601 2608 $
459  2639 2641 $
460  2676 2737 $
461  2720 2721 $
462  2777 2787 $
463  2786 2812 $
464  2961 8394 $
465  3424 6850 $
466  3425 3439 $
467  3686 5889 $
468  6844 6845 $
469  9262 9264 $
470  148 $
471  372 $
472  378 $
473  380 $
474  381 $
475  388 $
476  389 $
477  391 $
478  392 $
479  395 $
480  396 $
481  397 $
482  398 $
483  400 $
484  413 $
485  416 $
486  417 $
487  418 $
488  430 $
489  432 $
490  434 $
491  441 $
492  443 $
493  462 $
494  467 $
495  469 $
496  473 $
497  482 $
498  486 $
499  487 $
500  492 $
501  493 $
502  497 $
503  503 $
504  512 $
505  523 $
506  530 $
507  547 $
508  550 $
509  553 $
510  805 $
511  810 $
512  811 $
513  813 $
514  816 $
515  821 $
516  823 $
517  825 $
518  828 $
519  832 $
520  835 $
521  838 $
522  841 $
523  842 $
524  844 $
525  845 $
526  849 $
527  853 $
528  854 $
529  862 $
530  871 $
531  874 $
532  886 $
533  887 $
534  890 $
535  895 $
536  896 $
537  898 $
538  899 $
539  902 $
540  904 $
541  906 $
542  914 $
543  915 $
544  917 $
545  923 $
546  924 $
547  925 $
548  932 $
549  935 $
550  937 $
551  938 $
552  939 $
553  941 $
554  942 $
555  944 $
556  1292 $
557  1306 $
558  1307 $
559  1308 $
560  1325 $
561  1335 $
562  1351 $
563  1365 $
564  1368 $
565  1369 $
566  1373 $
567  1374 $
568  1375 $
569  1381 $
570  1382 $
571  1391 $
572  1406 $
573  1407 $
574  1412 $
575  1422 $
576  1424 $
577  1431 $
578  1446 $
579  1448 $
580  1450 $
581  1452 $
582  1466 $
583  1471 $
584  1480 $
585  1481 $
586  1487 $
587  1493 $
588  1503 $
589  1505 $
590  1519 $
591  1521 $
592  1529 $
593  1531 $
594  1545 $
595  1552 $
596  1557 $
597  1563 $
598  1564 $
599  1566 $
600  1568 $
601  1569 $
602  1574 $
603  1575 $
604  1576 $
605  1578 $
606  1583 $
607  1586 $
608  1587 $
609  1589 $
610  1591 $
611  1594 $
612  1595 $
613  1596 $
614  1604 $
615  1608 $
616  1613 $
617  1617 $
618  1621 $
619  1622 $
620  1637 $
621  1639 $
622  1641 $
623  1642 $
624  1657 $
625  1664 $
626  1665 $
627  1671 $
628  1680 $
629  1685 $
630  1695 $
631  1833 $
632  1835 $
633  1838 $
634  1846 $
635  1849 $
636  1852 $
637  1865 $
638  1868 $
639  1869 $
640  1871 $
641  1877 $
642  1889 $
643  1894 $
644  1902 $
645  1910 $
646  1924 $
647  1933 $
648  1944 $
649  1951 $
650  1955 $
651  1956 $
652  1958 $
653  1960 $
654  1969 $
655  2002 $
656  2238 $
657  2241 $
658  2246 $
659  2283 $
660  2322 $
661  2323 $
662  2324 $
663  2328 $
664  2343 $
665  2349 $
666  2351 $
667  2356 $
668  2357 $
669  2366 $
670  2368 $
671  2369 $
672  2370 $
673  2372 $
674  2376 $
675  2377 $
676  2378 $
677  2379 $
678  2380 $
679  2381 $
680  2382 $
681  2383 $
682  2384 $
683  2385 $
684  2386 $
685  2387 $
686  2388 $
687  2394 $
688  2398 $
689  2400 $
690  2401 $
691  2402 $
692  2403 $
693  2404 $
694  2406 $
695  2408 $
696  2409 $
697  2410 $
698  2411 $
699  2412 $
700  2413 $
701  2415 $
702  2418 $
703  2419 $
704  2422 $
705  2423 $
706  2425 $
707  2426 $
708  2430 $
709  2431 $
710  2435 $
711  2437 $
712  2438 $
713  2439 $
714  2440 $
715  2441 $
716  2442 $
717  2443 $
718  2444 $
719  2445 $
720  2455 $
721  2457 $
722  2458 $
723  2461 $
724  2462 $
725  2465 $
726  2466 $
727  2467 $
728  2468 $
729  2469 $
730  2471 $
731  2472 $
732  2473 $
733  2474 $
734  2475 $
735  2479 $
736  2482 $
737  2483 $
738  2485 $
739  2486 $
740  2487 $
741  2488 $
742  2490 $
743  2492 $
744  2493 $
745  2495 $
746  2496 $
747  2498 $
748  2500 $
749  2501 $
750  2502 $
751  2503 $
752  2505 $
753  2508 $
754  2509 $
755  2510 $
756  2511 $
757  2512 $
758  2514 $
759  2515 $
760  2516 $
761  2517 $
762  2523 $
763  2526 $
764  2528 $
765  2529 $
766  2530 $
767  2531 $
768  2532 $
769  2533 $
770  2536 $
771  2537 $
772  2538 $
773  2539 $
774  2540 $
775  2541 $
776  2542 $
777  2543 $
778  2544 $
779  2545 $
780  2546 $
781  2547 $
782  2549 $
783  2550 $
784  2553 $
785  2554 $
786  2555 $
787  2557 $
788  2563 $
789  2568 $
790  2569 $
791  2572 $
792  2573 $
793  2574 $
794  2581 $
795  2582 $
796  2583 $
797  2584 $
798  2585 $
799  2586 $
800  2587 $
801  2590 $
802  2598 $
803  2599 $
804  2600 $
805  2602 $
806  2604 $
807  2605 $
808  2606 $
809  2607 $
810  2609 $
811  2610 $
812  2613 $
813  2619 $
814  2620 $
815  2621 $
816  2622 $
817  2623 $
818  2624 $
819  2628 $
820  2629 $
821  2636 $
822  2637 $
823  2638 $
824  2640 $
825  2642 $
826  2643 $
827  2646 $
828  2648 $
829  2650 $
830  2652 $
831  2653 $
832  2657 $
833  2659 $
834  2662 $
835  2663 $
836  2664 $
837  2665 $
838  2666 $
839  2671 $
840  2673 $
841  2679 $
842  2685 $
843  2686 $
844  2687 $
845  2693 $
846  2695 $
847  2698 $
848  2701 $
849  2702 $
850  2706 $
851  2707 $
852  2716 $
853  2723 $
854  2725 $
855  2726 $
856  2727 $
857  2728 $
858  2729 $
859  2730 $
860  2731 $
861  2736 $
862  2738 $
863  2740 $
864  2756 $
865  2758 $
866  2763 $
867  2764 $
868  2766 $
869  2767 $
870  2769 $
871  2770 $
872  2773 $
873  2775 $
874  2776 $
875  2778 $
876  2782 $
877  2783 $
878  2789 $
879  2790 $
880  2791 $
881  2793 $
882  2794 $
883  2796 $
884  2803 $
885  2807 $
886  2808 $
887  2809 $
888  2810 $
889  2811 $
890  2813 $
891  2815 $
892  2817 $
893  2838 $
894  3418 $
895  3462 $
896  3467 $
897  3468 $
898  3477 $
899  3484 $
900  3503 $
901  4031 $
902  4039 $
903  4051 $
904  4074 $
905  4077 $
906  4087 $
907  4095 $
908  4105 $
909  4121 $
910  4129 $
911  4138 $
912  4159 $
913  4316 $
914  4684 $
915  5043 $
916  5284 $
917  5494 $
918  5727 $
919  6005 $
920  6397 $
921  6606 $
922  6828 $
923  6829 $
924  6839 $
925  6847 $
926  6851 $
927  6852 $
928  6856 $
929  6857 $
930  6860 $
931  6861 $
932  6863 $
933  6865 $
934  6866 $
935  6868 $
936  6870 $
937  6875 $
938  6884 $
939  6885 $
940  6887 $
941  6889 $
942  6890 $
943  6893 $
944  6897 $
945  6912 $
946  6916 $
947  7569 $
948  7798 $
949  8278 $
950  8393 $
951  8396 $
952  8456 $
953  8457 $
954  8638 $
955  9219 $
956  9237 $
957  9292 $
958  9295 $
959  9303 $
)
