# cline: mcl ./orthofinder_2_genus/Results_Feb13/WorkingDirectory/OrthoFinder_graph.txt "-I" "1.5" "-o" "./orthofinder_2_genus/Results_Feb13/WorkingDirectory/clusters_OrthoFinder_I1.5.txt" "-te" "6" "-V" "all"
(mclheader
mcltype matrix
dimensions 7448x213
)
(mclmatrix
begin
0    20 138 266 380 507 626 745 859 979 1092 1220 1328 1446 1576 1697
       1817 1933 2058 2173 2316 2403 2425 2544 2688 2799 2912 3033
       3159 3271 3392 3512 3633 3752 3871 3992 4117 4233 4354 4474
       4594 4714 4834 4956 5085 5208 5328 5444 5564 5701 5815 5929
       6057 6175 6289 6409 6524 6651 6769 6890 7006 7127 7245 7354 $
1    7 126 254 367 495 614 733 848 967 1079 1208 1316 1433 1564 1685
       1805 1920 2046 2160 2299 2412 2531 2671 2787 2899 3020 3147
       3258 3379 3499 3620 3739 3858 3979 4105 4220 4341 4461 4581
       4702 4821 4943 5073 5196 5316 5432 5552 5684 5803 5916 6045
       6163 6276 6396 6511 6638 6756 6877 6993 7114 7232 7365 $
2    10 129 257 370 498 617 736 851 970 1082 1211 1314 1436 1567 1688
       1808 1923 2049 2163 2282 2415 2534 2654 2790 2902 3023 3150
       3261 3382 3502 3623 3742 3861 3982 4108 4223 4344 4464 4584
       4704 4824 4946 5076 5199 5319 5435 5555 5667 5806 5919 6048
       6166 6279 6399 6514 6641 6759 6880 6996 7117 7235 7364 $
3    12 131 259 372 500 619 738 852 972 1084 1213 1320 1438 1569 1690
       1810 1925 2051 2165 2323 2417 2536 2695 2792 2904 3025 3152
       3263 3384 3504 3625 3744 3863 3984 4110 4225 4346 4466 4586
       4706 4826 4948 5078 5201 5321 5437 5557 5708 5808 5921 6050
       6168 6281 6401 6516 6643 6761 6882 6998 7119 7237 7362 $
4    13 132 260 373 501 620 739 853 973 1085 1214 1321 1439 1570 1691
       1811 1926 2052 2166 2322 2418 2537 2694 2793 2905 3026 3153
       3264 3385 3505 3626 3745 3864 3985 4111 4226 4347 4467 4587
       4707 4827 4949 5079 5202 5322 5438 5558 5707 5809 5922 6051
       6169 6282 6402 6517 6644 6762 6883 6999 7120 7238 7361 $
5    19 137 265 379 506 625 744 858 978 1091 1219 1327 1445 1575 1696
       1816 1932 2057 2172 2276 2424 2543 2647 2798 2911 3032 3158
       3270 3391 3511 3632 3751 3870 3991 4116 4232 4353 4473 4593
       4713 4833 4955 5084 5207 5327 5443 5563 5660 5814 5928 6056
       6174 6288 6408 6523 6650 6768 6889 7005 7126 7244 7355 $
6    23 141 268 383 509 628 747 861 981 1095 1222 1331 1449 1578 1699
       1819 1936 2060 2176 2313 2428 2547 2685 2801 2915 3036 3161
       3274 3395 3515 3636 3755 3874 3995 4119 4236 4357 4477 4597
       4717 4837 4959 5087 5210 5330 5446 5566 5698 5817 5932 6059
       6177 6292 6412 6527 6654 6772 6893 7009 7130 7248 7351 $
7    24 142 269 384 510 629 748 862 982 1096 1223 1332 1450 1579 1700
       1820 1937 2061 2177 2312 2429 2548 2684 2802 2916 3037 3162
       3275 3396 3516 3637 3756 3875 3996 4120 4237 4358 4478 4598
       4718 4838 4960 5088 5211 5331 5447 5567 5697 5818 5933 6060
       6178 6293 6413 6528 6655 6773 6894 7010 7131 7249 7350 $
8    25 143 270 385 511 630 749 863 983 1097 1224 1333 1451 1580 1701
       1821 1938 2062 2178 2311 2430 2549 2683 2803 2917 3038 3163
       3276 3397 3517 3638 3757 3876 3997 4121 4238 4359 4479 4599
       4719 4839 4961 5089 5212 5332 5448 5568 5696 5819 5934 6061
       6179 6294 6414 6529 6656 6774 6895 7011 7132 7250 7349 $
9    26 144 272 386 513 632 751 865 985 1098 1226 1335 1453 1582 1703
       1823 1939 2064 2179 2308 2431 2550 2680 2805 2918 3039 3165
       3277 3398 3518 3639 3758 3877 3998 4123 4239 4360 4480 4600
       4720 4840 4962 5091 5214 5334 5450 5570 5693 5821 5935 6063
       6181 6295 6415 6531 6657 6775 6896 7012 7133 7251 7347 $
10   27 145 273 387 514 633 752 866 986 1099 1227 1336 1454 1583 1704
       1824 1940 2065 2180 2307 2432 2551 2679 2806 2919 3040 3166
       3278 3399 3519 3640 3759 3878 3999 4124 4240 4361 4481 4601
       4721 4841 4963 5092 5215 5335 5451 5571 5692 5822 5936 6064
       6182 6296 6416 6532 6658 6776 6897 7013 7134 7252 7346 $
11   29 147 275 389 516 635 754 868 988 1101 1228 1339 1458 1585 1706
       1826 1942 2067 2182 2329 2434 2553 2701 2808 2921 3042 3168
       3280 3401 3521 3642 3761 3880 4001 4126 4242 4363 4483 4603
       4723 4843 4965 5094 5216 5336 5453 5573 5715 5824 5938 6065
       6183 6298 6418 6536 6660 6778 6899 7015 7136 7254 7443 $
12   31 150 276 392 517 636 755 870 989 1104 1229 1341 1460 1586 1707
       1827 1944 2069 2184 2402 2436 2556 2773 2809 2924 3044 3169
       3283 3403 3524 3644 3763 3882 4003 4128 4245 4365 4485 4605
       4725 4846 4968 5095 5217 5337 5454 5574 5788 5825 5941 6066
       6184 6300 6421 6538 6663 6781 6901 7018 7138 7256 7437 $
13   32 151 277 393 518 637 756 871 990 1105 1230 1342 1461 1587 1708
       1828 1945 2070 2185 2303 2437 2557 2675 2810 2925 3045 3170
       3284 3404 3525 3645 3764 3883 4004 4129 4246 4366 4486 4606
       4726 4847 4969 5096 5218 5338 5455 5575 5688 5826 5942 6067
       6185 6301 6422 6539 6664 6782 6902 7019 7139 7257 7438 $
14   33 152 278 394 519 638 757 872 991 1106 1231 1343 1462 1588 1709
       1829 1946 2071 2186 2388 2438 2558 2759 2811 2926 3046 3171
       3285 3405 3526 3646 3765 3884 4005 4130 4247 4367 4487 4607
       4727 4848 4970 5097 5219 5339 5456 5576 5774 5827 5943 6068
       6186 6302 6423 6540 6665 6783 6903 7020 7140 7258 7439 $
15   35 154 280 396 521 640 759 846 993 1108 1233 1345 1464 1590 1711
       1831 1948 2073 2188 2389 2440 2560 2760 2813 2928 3048 3173
       3287 3407 3528 3648 3767 3886 4007 4132 4249 4369 4489 4609
       4729 4850 4972 5099 5221 5341 5458 5577 5775 5829 5945 6070
       6188 6304 6425 6542 6667 6785 6905 7022 7142 7260 7440 $
16   46 165 290 407 531 650 769 882 1002 1118 1243 1356 1475 1600 1721
       1841 1959 2083 2199 2378 2451 2571 2750 2823 2939 3058 3183
       3298 3418 3539 3659 3778 3897 4018 4142 4260 4380 4500 4620
       4740 4861 4983 5109 5231 5351 5468 5587 5764 5839 5956 6080
       6197 6315 6436 6553 6676 6796 6916 7033 7153 7269 7428 $
17   49 168 293 410 534 653 772 885 1005 1121 1246 1359 1478 1603 1724
       1844 1962 2086 2202 2375 2454 2574 2747 2826 2942 3061 3186
       3301 3421 3542 3662 3781 3900 4021 4145 4263 4383 4503 4623
       4743 4864 4986 5112 5234 5354 5471 5590 5761 5842 5959 6083
       6200 6318 6439 6556 6679 6799 6919 7036 7156 7272 7425 $
18   50 169 241 411 483 604 720 886 959 1122 1196 1360 1479 1552 1681
       1793 1963 2043 2203 2371 2455 2575 2743 2777 2943 3062 3142
       3302 3422 3543 3663 3782 3901 4022 4095 4264 4384 4504 4624
       4744 4865 4987 5068 5189 5311 5427 5547 5757 5800 5960 6041
       6153 6319 6440 6557 6680 6800 6920 7037 7157 7273 7424 $
19   51 170 294 412 535 654 773 887 1006 1123 1247 1361 1480 1604 1725
       1845 1964 2087 2204 2370 2456 2576 2742 2827 2944 3063 3187
       3303 3423 3544 3664 3783 3902 4023 4146 4265 4385 4505 4625
       4745 4866 4988 5113 5235 5355 5472 5591 5756 5843 5961 6084
       6201 6320 6441 6558 6681 6801 6921 7038 7158 7274 7423 $
20   56 175 298 417 539 658 777 891 1010 1128 1251 1366 1485 1608 1729
       1849 1969 2091 2209 2365 2461 2581 2737 2831 2949 3068 3191
       3308 3428 3549 3669 3788 3907 4028 4150 4270 4390 4510 4630
       4750 4871 4993 5117 5239 5359 5476 5595 5751 5847 5966 6088
       6205 6325 6446 6563 6686 6806 6926 7043 7163 7279 7419 $
21   57 176 299 418 540 659 778 892 1011 1129 1252 1367 1486 1609 1730
       1850 1970 2092 2210 2364 2462 2582 2736 2832 2950 3069 3192
       3309 3429 3550 3670 3789 3908 4029 4151 4271 4391 4511 4631
       4751 4872 4994 5118 5240 5360 5477 5596 5750 5848 5967 6089
       6206 6326 6447 6564 6687 6807 6927 7044 7164 7280 7418 $
22   58 177 300 419 541 660 779 893 1012 1130 1253 1368 1487 1610 1731
       1851 1971 2093 2211 2363 2463 2583 2735 2833 2951 3070 3193
       3310 3430 3551 3671 3790 3909 4030 4152 4272 4392 4512 4632
       4752 4873 4995 5119 5241 5361 5478 5597 5749 5849 5968 6090
       6207 6327 6448 6565 6688 6808 6928 7045 7165 7281 7417 $
23   59 178 301 420 542 661 780 894 1013 1131 1254 1369 1488 1611 1732
       1852 1972 2094 2212 2362 2464 2584 2734 2834 2952 3071 3194
       3311 3431 3552 3672 3791 3910 4031 4153 4273 4393 4513 4633
       4753 4874 4996 5120 5242 5362 5479 5598 5748 5850 5969 6091
       6208 6328 6449 6566 6689 6809 6929 7046 7166 7282 7416 $
24   60 179 303 423 544 663 782 897 1015 1134 1256 1371 1490 1613 1734
       1854 1975 2096 2214 2361 2466 2586 2733 2836 2955 3072 3196
       3314 3434 3555 3673 3793 3913 4034 4155 4276 4396 4516 4636
       4756 4877 4999 5122 5244 5364 5481 5600 5747 5852 5972 6093
       6210 6330 6451 6568 6692 6811 6931 7049 7168 7285 7414 $
25   63 182 305 426 546 665 784 900 1017 1137 1258 1374 1493 1615 1736
       1856 1978 2098 2216 2279 2469 2589 2651 2838 2958 3075 3198
       3317 3437 3558 3676 3795 3916 4037 4157 4279 4399 4519 4639
       4759 4880 5002 5124 5246 5366 5483 5602 5664 5854 5975 6095
       6212 6332 6454 6571 6695 6814 6934 7052 7170 7287 7411 $
26   64 183 306 427 547 666 785 901 1018 1189 1259 1375 1494 1616 1737
       1857 1979 2099 2217 2292 2470 2590 2664 2839 2959 3076 3199
       3318 3438 3559 3677 3796 3917 4038 4158 4280 4400 4520 4640
       4760 4881 5003 5125 5247 5367 5484 5603 5677 5855 5976 6096
       6213 6333 6455 6572 6696 6815 6935 7053 7171 7288 7409 $
27   76 195 316 439 557 675 794 910 1027 1145 1269 1386 1505 1626 1747
       1867 1991 2109 2229 2288 2482 2602 2660 2849 2971 3088 3209
       3329 3450 3571 3689 3808 3929 4050 4168 4292 4412 4532 4652
       4772 4893 5015 5134 5256 5377 5494 5613 5673 5865 5988 6106
       6223 6345 6467 6584 6706 6827 6946 7064 7183 7300 7400 $
28   78 197 318 441 560 678 797 913 1030 1147 1272 1389 1508 1629 1750
       1870 1993 2112 2231 2287 2484 2604 2659 2851 2973 3090 3211
       3331 3452 3573 3691 3810 3931 4052 4171 4294 4414 4534 4654
       4774 4895 5017 5137 5259 5379 5496 5615 5672 5868 5990 6109
       6226 6347 6469 6587 6708 6829 6948 7066 7185 7302 7399 $
29   79 198 319 442 561 679 798 914 1031 1148 1273 1390 1509 1630 1751
       1871 1994 2113 2232 2286 2485 2605 2658 2852 2974 3091 3212
       3332 3453 3574 3692 3811 3932 4053 4172 4295 4415 4535 4655
       4775 4896 5018 5138 5260 5380 5497 5616 5671 5869 5991 6110
       6227 6348 6470 6588 6709 6830 6949 7067 7186 7303 7398 $
30   80 199 320 443 562 680 799 915 1032 1149 1274 1391 1510 1631 1752
       1872 1995 2114 2233 2395 2486 2606 2766 2853 2975 3092 3213
       3333 3454 3575 3693 3812 3933 4054 4173 4296 4416 4536 4656
       4776 4897 5019 5139 5261 5381 5498 5617 5781 5870 5992 6111
       6228 6349 6471 6589 6710 6831 6950 7068 7187 7304 7397 $
31   83 202 323 446 565 683 802 917 1035 1152 1277 1394 1513 1634 1755
       1875 1998 2117 2236 2355 2489 2609 2727 2856 2978 3095 3216
       3336 3457 3578 3696 3815 3936 4057 4176 4299 4419 4539 4659
       4779 4900 5022 5142 5264 5384 5501 5620 5741 5873 5995 6114
       6231 6352 6474 6592 6713 6834 6953 7071 7190 7307 7395 $
32   84 203 324 447 566 684 803 918 1036 1153 1278 1395 1514 1635 1756
       1876 1999 2118 2237 2354 2490 2610 2726 2857 2979 3096 3217
       3337 3458 3579 3697 3816 3937 4058 4177 4300 4420 4540 4660
       4780 4901 5023 5143 5265 5385 5502 5621 5740 5874 5996 6115
       6232 6353 6475 6593 6714 6835 6954 7072 7191 7308 7394 $
33   85 204 325 448 567 685 804 919 1037 1154 1279 1396 1515 1636 1757
       1877 2000 2119 2238 2352 2491 2611 2724 2858 2980 3097 3218
       3338 3459 3580 3698 3817 3938 4059 4178 4301 4421 4541 4661
       4781 4902 5024 5144 5266 5386 5503 5622 5738 5875 5997 6116
       6233 6354 6476 6594 6715 6836 6955 7073 7192 7309 7393 $
34   86 205 326 449 568 686 805 920 1038 1155 1280 1397 1516 1637 1758
       1878 2001 2120 2239 2351 2492 2612 2723 2859 2981 3098 3219
       3339 3460 3581 3699 3818 3939 4060 4179 4302 4422 4542 4662
       4782 4903 5025 5145 5267 5387 5504 5623 5737 5876 5998 6117
       6234 6355 6477 6595 6716 6837 6956 7074 7193 7310 7392 $
35   87 206 327 450 569 687 806 921 1039 1156 1281 1398 1517 1638 1759
       1879 2002 2121 2240 2349 2493 2613 2721 2860 2982 3099 3220
       3340 3461 3582 3700 3819 3940 4061 4180 4303 4423 4543 4663
       4783 4904 5026 5146 5268 5388 5505 5624 5735 5877 5999 6118
       6235 6356 6478 6596 6717 6838 6957 7075 7194 7311 7391 $
36   90 209 330 453 572 690 809 925 1042 1159 1284 1402 1521 1641 1762
       1882 2005 2124 2243 2346 2496 2616 2718 2863 2985 3102 3223
       3343 3464 3585 3703 3822 3943 4064 4183 4306 4426 4546 4666
       4786 4907 5029 5149 5271 5391 5508 5627 5732 5880 6002 6121
       6238 6359 6481 6600 6720 6841 6960 7078 7197 7314 7388 $
37   91 210 331 454 573 691 810 926 1043 1160 1285 1403 1522 1642 1763
       1883 2006 2125 2244 2345 2497 2617 2717 2864 2986 3103 3224
       3344 3465 3586 3704 3823 3944 4065 4184 4307 4427 4547 4667
       4787 4908 5030 5150 5272 5392 5509 5628 5731 5881 6003 6122
       6239 6360 6482 6601 6721 6842 6961 7079 7198 7315 7387 $
38   92 211 332 455 574 692 811 927 1044 1161 1286 1404 1523 1643 1764
       1884 2007 2126 2245 2300 2498 2618 2672 2865 2987 3104 3225
       3345 3466 3587 3705 3824 3945 4066 4185 4308 4428 4548 4668
       4788 4909 5031 5151 5273 5393 5510 5629 5685 5882 6004 6123
       6240 6361 6483 6602 6722 6843 6962 7080 7199 7316 7386 $
39   95 214 335 458 577 695 814 930 1047 1164 1289 1407 1526 1646 1767
       1887 2010 2129 2248 2301 2501 2621 2673 2868 2990 3107 3228
       3348 3469 3590 3708 3827 3948 4069 4188 4311 4431 4551 4671
       4791 4912 5034 5154 5276 5396 5513 5632 5686 5885 6007 6126
       6243 6364 6486 6605 6725 6846 6965 7083 7202 7319 7375 $
40   101 220 343 464 585 703 822 937 1055 1170 1297 1414 1533 1654
       1775 1895 2016 2137 2254 2338 2507 2627 2710 2875 2996 3113
       3236 3354 3475 3596 3714 3833 3954 4075 4196 4317 4437 4557
       4677 4797 4918 5040 5162 5284 5402 5521 5640 5724 5893 6013
       6134 6251 6370 6492 6613 6731 6852 6971 7089 7208 7325 7379 $
41   104 223 345 467 587 705 824 939 1057 1173 1299 1417 1536 1656
       1777 1897 2019 2139 2257 2339 2510 2630 2711 2877 2999 3116
       3238 3357 3478 3599 3717 3836 3957 4078 4198 4320 4440 4560
       4680 4800 4921 5043 5164 5286 5404 5523 5642 5725 5895 6016
       6136 6253 6373 6495 6616 6734 6855 6974 7092 7211 7328 7381 $
42   105 224 346 468 588 706 825 940 1058 1174 1300 1418 1537 1657
       1778 1898 2020 2140 2258 2340 2511 2631 2712 2878 3000 3117
       3239 3358 3479 3600 3718 3837 3958 4079 4199 4321 4441 4561
       4681 4801 4922 5044 5165 5287 5405 5524 5643 5726 5896 6017
       6137 6254 6374 6496 6617 6735 6856 6975 7093 7212 7329 7382 $
43   106 225 347 469 589 707 826 941 1059 1175 1301 1419 1538 1658
       1779 1899 2021 2141 2259 2341 2512 2632 2713 2879 3001 3118
       3240 3359 3480 3601 3719 3838 3959 4080 4200 4322 4442 4562
       4682 4802 4923 5045 5166 5288 5406 5525 5644 5727 5897 6018
       6138 6255 6375 6497 6618 6736 6857 6976 7094 7213 7330 7383 $
44   107 226 349 470 591 709 828 943 1061 1176 1303 1421 1540 1660
       1781 1901 2022 2143 2260 2342 2513 2633 2714 2880 3002 3119
       3241 3360 3481 3602 3720 3839 3960 4081 4202 4323 4443 4563
       4683 4803 4924 5046 5168 5290 5407 5526 5645 5728 5899 6019
       6140 6257 6376 6498 6620 6737 6858 6977 7095 7214 7331 7384 $
45   109 228 351 472 593 710 830 945 1063 1178 1305 1423 1542 1662
       1783 1903 2024 2145 2262 2344 2515 2634 2716 2882 3003 3121
       3243 3362 3483 3604 3722 3841 3962 4083 4204 4325 4445 4565
       4685 4805 4926 5048 5170 5292 5409 5528 5647 5730 5901 6021
       6142 6259 6378 6500 6622 6739 6860 6978 7097 7216 7333 7385 $
46   113 232 355 476 597 714 834 949 1067 1182 1309 1427 1546 1666
       1787 1907 2028 2149 2266 2356 2519 2638 2728 2886 3007 3125
       3247 3366 3487 3608 3726 3845 3967 4087 4208 4329 4449 4569
       4689 4809 4930 5052 5174 5296 5413 5532 5651 5742 5905 6025
       6146 6263 6382 6504 6626 6743 6864 6982 7101 7220 7337 7371 $
47   115 234 357 478 599 716 836 951 1069 1184 1311 1429 1548 1668
       1789 1909 2030 2151 2268 2343 2520 2639 2715 2888 3009 3127
       3249 3368 3489 3610 3728 3847 3969 4089 4210 4331 4451 4571
       4691 4811 4932 5054 5176 5298 5415 5534 5653 5729 5907 6027
       6148 6265 6384 6506 6628 6745 6866 6983 7103 7222 7339 7369 $
48   116 235 358 479 600 717 837 952 1070 1185 1312 1430 1549 1669
       1790 1910 2031 2152 2269 2275 2521 2640 2646 2889 3010 3128
       3250 3369 3490 3611 3729 3848 3970 4090 4211 4332 4452 4572
       4692 4812 4933 5055 5177 5299 5416 5535 5654 5659 5908 6028
       6149 6266 6385 6507 6629 6746 6867 6984 7104 7223 7340 7368 $
49   6 125 247 366 490 612 726 847 954 1078 1206 1315 1432 1562 1671
       1803 1919 2037 2159 2298 2411 2530 2670 2784 2898 3019 3135
       3257 3378 3498 3619 3738 3857 3978 4102 4219 4340 4460 4580
       4701 4820 4942 5061 5182 5304 5420 5540 5683 5793 5915 6034
       6275 6395 6510 6637 6755 6876 6992 7113 7231 7366 $
50   11 130 258 371 499 618 737 971 1083 1212 1319 1437 1568 1689 1809
       1924 2050 2164 2400 2416 2535 2771 2791 2903 3024 3151 3262
       3383 3503 3624 3743 3862 3983 4109 4224 4345 4465 4585 4705
       4825 4947 5077 5200 5320 5436 5556 5786 5807 5920 6049 6167
       6280 6400 6515 6642 6760 6881 6997 7118 7236 7363 $
51   18 136 264 378 505 624 743 857 977 1090 1218 1326 1444 1574 1695
       1815 1931 2056 2171 2317 2423 2542 2689 2797 2910 3031 3157
       3269 3390 3510 3631 3750 3869 3990 4115 4231 4352 4472 4592
       4712 4832 4954 5083 5206 5326 5442 5562 5702 5813 5927 6055
       6173 6287 6407 6522 6649 6767 6888 7004 7125 7243 $
52   28 146 274 388 515 634 753 867 987 1100 1207 1337 1455 1584 1705
       1825 1941 2066 2181 2314 2433 2552 2686 2807 2920 3041 3167
       3279 3400 3520 3641 3760 3879 4000 4125 4241 4362 4482 4602
       4722 4842 4964 5093 5193 5452 5572 5699 5823 5937 6044 6162
       6297 6417 6533 6659 6777 6898 7014 7135 7253 7345 $
53   37 156 282 398 523 642 761 840 995 1110 1235 1347 1466 1592 1713
       1833 1950 2075 2190 2392 2442 2562 2763 2815 2930 3050 3175
       3289 3409 3530 3650 3769 3888 4009 4134 4251 4371 4491 4611
       4731 4852 4974 5101 5223 5343 5460 5579 5778 5831 5947 6072
       6190 6306 6427 6544 6787 6907 7024 7144 7262 7441 $
54   38 157 283 399 524 643 762 875 996 1111 1236 1348 1467 1593 1714
       1834 1951 2076 2191 2387 2443 2563 2758 2816 2931 3051 3176
       3290 3410 3531 3651 3770 3889 4010 4135 4252 4372 4492 4612
       4732 4853 4975 5102 5224 5344 5461 5580 5832 5948 6073 6191
       6307 6428 6545 6668 6788 6908 7025 7145 7263 7442 $
55   74 193 314 437 555 673 730 908 1025 1143 1267 1384 1503 1624 1745
       1865 1989 2107 2227 2289 2480 2600 2661 2847 2969 3086 3207
       3327 3448 3569 3687 3806 3927 4048 4166 4290 4410 4530 4650
       4770 4891 5013 5071 5192 5375 5492 5611 5674 5863 5986 6104
       6221 6343 6465 6582 6825 6944 7062 7181 7298 7402 $
56   88 207 328 451 570 688 807 922 1040 1157 1282 1399 1518 1639 1760
       1880 2003 2122 2241 2348 2494 2614 2720 2861 2983 3100 3221
       3341 3462 3583 3701 3820 3941 4062 4181 4304 4424 4544 4664
       4784 4905 5027 5147 5269 5389 5506 5625 5734 5878 6000 6119
       6236 6357 6479 6718 6839 6958 7076 7195 7312 7390 $
57   89 208 246 452 488 609 725 923 965 1158 1202 1400 1519 1558 1675
       1799 2004 2038 2242 2347 2495 2615 2719 2782 2984 3101 3137
       3342 3463 3584 3702 3821 3942 4063 4100 4305 4425 4545 4665
       4785 4906 5028 5063 5184 5306 5422 5542 5733 5795 6001 6036
       6158 6358 6480 6719 6840 6959 7077 7196 7313 7389 $
58   93 212 333 456 575 693 812 928 1045 1162 1287 1405 1524 1644 1765
       1885 2008 2127 2246 2404 2499 2619 2774 2866 2988 3105 3226
       3346 3467 3588 3706 3825 3946 4067 4186 4309 4429 4549 4669
       4789 4910 5032 5152 5274 5394 5511 5630 5789 5883 6005 6124
       6241 6362 6484 6603 6723 6844 6963 7081 7200 7317 $
59   111 230 353 474 595 712 832 947 1065 1180 1307 1425 1544 1664
       1785 1905 2026 2147 2264 2399 2517 2636 2770 2884 3005 3123
       3245 3364 3485 3606 3724 3843 3964 4085 4206 4327 4447 4567
       4687 4807 4928 5050 5172 5294 5411 5530 5649 5785 5903 6023
       6144 6261 6380 6502 6624 6741 6862 6980 7099 7218 7335 $
60   117 236 359 480 601 838 953 1071 1186 1313 1431 1550 1670 1791
       1911 2032 2153 2270 2296 2522 2641 2668 2890 3011 3129 3251
       3370 3491 3612 3730 3849 3971 4091 4212 4333 4453 4573 4693
       4813 4934 5056 5178 5300 5417 5536 5655 5681 5909 6029 6150
       6267 6386 6508 6630 6747 6868 6985 7105 7224 7341 7367 $
61   15 262 375 503 622 741 975 1087 1216 1323 1441 1572 1693 1813
       1928 2054 2168 2320 2420 2539 2692 2795 2907 3028 3155 3266
       3387 3507 3628 3747 3866 3987 4113 4228 4349 4469 4589 4709
       4829 4951 5081 5204 5324 5440 5560 5705 5811 5924 6053 6171
       6284 6404 6519 6646 6764 6885 7001 7122 7240 7358 $
62   34 153 279 395 520 639 758 873 992 1107 1232 1344 1463 1589 1710
       1830 1947 2072 2187 2274 2439 2559 2645 2812 2927 3047 3172
       3286 3406 3527 3647 3766 3885 4006 4131 4248 4368 4488 4608
       4728 4849 4971 5098 5220 5340 5457 5658 5828 5944 6069 6187
       6303 6424 6541 6666 6784 6904 7021 7141 7259 $
63   14 133 261 374 502 621 740 854 974 1086 1215 1322 1440 1571 1692
       1812 1927 2053 2167 2419 2538 2794 2906 3027 3154 3265 3386
       3506 3627 3746 3865 3986 4112 4227 4348 4468 4588 4708 4828
       4950 5080 5203 5323 5439 5559 5810 5923 6052 6170 6283 6403
       6518 6645 6763 6884 7000 7121 7239 7359 $
64   17 135 263 377 504 623 742 856 976 1089 1217 1325 1443 1573 1694
       1814 1930 2055 2170 2422 2541 2796 2909 3030 3156 3268 3389
       3509 3630 3749 3868 3989 4114 4230 4351 4471 4591 4711 4831
       4953 5082 5205 5325 5441 5561 5812 5926 6054 6172 6286 6406
       6521 6648 6766 6887 7003 7124 7242 7356 $
65   22 140 267 382 508 627 746 843 980 1094 1221 1330 1448 1577 1698
       1818 1935 2059 2175 2427 2546 2800 2914 3035 3160 3273 3394
       3514 3635 3754 3873 3994 4118 4235 4356 4476 4596 4716 4836
       4958 5086 5209 5329 5445 5565 5816 5931 6058 6176 6291 6411
       6526 6653 6771 6892 7008 7129 7247 7352 $
66   42 161 287 403 528 647 766 879 999 1114 1240 1352 1471 1597 1718
       1838 1955 2080 2195 2447 2567 2820 2935 3054 3180 3294 3414
       3535 3655 3774 3893 4014 4139 4256 4376 4496 4616 4736 4857
       4979 5106 5228 5348 5465 5584 5836 5952 6077 6194 6311 6432
       6549 6672 6792 6912 7029 7149 7265 7432 $
67   43 162 288 404 529 648 767 880 1000 1115 1241 1353 1472 1598 1719
       1839 1956 2081 2196 2448 2568 2821 2936 3055 3181 3295 3415
       3536 3656 3775 3894 4015 4140 4257 4377 4497 4617 4737 4858
       4980 5107 5229 5349 5466 5585 5837 5953 6078 6195 6312 6433
       6550 6673 6793 6913 7030 7150 7266 7431 $
68   45 164 289 406 530 649 768 881 1001 1117 1242 1355 1474 1599 1720
       1840 1958 2082 2198 2450 2570 2822 2938 3057 3182 3297 3417
       3538 3658 3777 3896 4017 4141 4259 4379 4499 4619 4739 4860
       4982 5108 5230 5350 5467 5586 5838 5955 6079 6196 6314 6435
       6552 6675 6795 6915 7032 7152 7268 7429 $
69   47 166 291 408 532 651 770 883 1003 1119 1244 1357 1476 1601 1722
       1842 1960 2084 2200 2452 2572 2824 2940 3059 3184 3299 3419
       3540 3660 3779 3898 4019 4143 4261 4381 4501 4621 4741 4862
       4984 5110 5232 5352 5469 5588 5840 5957 6081 6198 6316 6437
       6554 6677 6797 6917 7034 7154 7270 7427 $
70   48 167 292 409 533 652 771 884 1004 1120 1245 1358 1477 1602 1723
       1843 1961 2085 2201 2453 2573 2825 2941 3060 3185 3300 3420
       3541 3661 3780 3899 4020 4144 4262 4382 4502 4622 4742 4863
       4985 5111 5233 5353 5470 5589 5841 5958 6082 6199 6317 6438
       6555 6678 6798 6918 7035 7155 7271 7426 $
71   52 171 295 413 536 655 774 888 1007 1124 1248 1362 1481 1605 1726
       1846 1965 2088 2205 2457 2577 2828 2945 3064 3188 3304 3424
       3545 3665 3784 3903 4024 4147 4266 4386 4506 4626 4746 4867
       4989 5114 5236 5356 5473 5592 5844 5962 6085 6202 6321 6442
       6559 6682 6802 6922 7039 7159 7275 7422 $
72   53 172 296 414 537 656 775 889 1008 1125 1249 1363 1482 1606 1727
       1847 1966 2089 2206 2458 2578 2829 2946 3065 3189 3305 3425
       3546 3666 3785 3904 4025 4148 4267 4387 4507 4627 4747 4868
       4990 5115 5237 5357 5474 5593 5845 5963 6086 6203 6322 6443
       6560 6683 6803 6923 7040 7160 7276 7421 $
73   62 181 304 425 545 664 783 899 1016 1136 1257 1373 1492 1614 1735
       1855 1977 2097 2215 2468 2588 2837 2957 3074 3197 3316 3436
       3557 3675 3794 3915 4036 4156 4278 4398 4518 4638 4758 4879
       5001 5123 5245 5365 5482 5601 5853 5974 6094 6211 6331 6453
       6570 6694 6813 6933 7051 7169 7286 7412 $
74   65 184 307 428 548 667 786 903 1019 1190 1260 1378 1497 1617 1738
       1858 1980 2100 2218 2471 2591 2840 2960 3077 3200 3319 3439
       3560 3678 3797 3918 4039 4159 4281 4401 4521 4641 4761 4882
       5004 5126 5248 5368 5485 5604 5856 5977 6097 6214 6334 6456
       6575 6697 6816 6936 7054 7172 7289 7407 $
75   75 194 315 438 556 674 793 909 1026 1144 1268 1385 1504 1625 1746
       1866 1990 2108 2228 2481 2601 2848 2970 3087 3208 3328 3449
       3570 3688 3807 3928 4049 4167 4291 4411 4531 4651 4771 4892
       5014 5133 5255 5376 5493 5612 5864 5987 6105 6222 6344 6466
       6583 6705 6826 6945 7063 7182 7299 7401 $
76   81 200 321 444 563 681 800 916 1033 1150 1275 1392 1511 1632 1753
       1873 1996 2115 2234 2487 2607 2854 2976 3093 3214 3334 3455
       3576 3694 3813 3934 4055 4174 4297 4417 4537 4657 4777 4898
       5020 5140 5262 5382 5499 5618 5871 5993 6112 6229 6350 6472
       6590 6711 6832 6951 7069 7188 7305 7396 $
77   82 201 322 445 564 682 801 839 1034 1151 1276 1393 1512 1633 1754
       1874 1997 2116 2235 2488 2608 2855 2977 3094 3215 3335 3456
       3577 3695 3814 3935 4056 4175 4298 4418 4538 4658 4778 4899
       5021 5141 5263 5383 5500 5619 5872 5994 6113 6230 6351 6473
       6591 6712 6833 6952 7070 7189 7306 7447 $
78   94 213 334 457 576 694 813 929 1046 1163 1288 1406 1525 1645 1766
       1886 2009 2128 2247 2500 2620 2867 2989 3106 3227 3347 3468
       3589 3707 3826 3947 4068 4187 4310 4430 4550 4670 4790 4911
       5033 5153 5275 5395 5512 5631 5884 6006 6125 6242 6363 6485
       6604 6724 6845 6964 7082 7201 7318 7374 $
79   96 215 336 459 578 696 815 931 1048 1165 1290 1408 1527 1647 1768
       1888 2011 2130 2249 2502 2622 2869 2991 3108 3229 3349 3470
       3591 3709 3828 3949 4070 4189 4312 4432 4552 4672 4792 4913
       5035 5155 5277 5397 5514 5633 5886 6008 6127 6244 6365 6487
       6606 6726 6847 6966 7084 7203 7320 7376 $
80   98 217 338 461 580 698 817 933 1050 1167 1292 1410 1529 1649 1770
       1890 2013 2132 2251 2504 2624 2871 2993 3110 3231 3351 3472
       3593 3711 3830 3951 4072 4191 4314 4434 4554 4674 4794 4915
       5037 5157 5279 5399 5516 5635 5888 6010 6129 6246 6367 6489
       6608 6728 6849 6968 7086 7205 7322 7377 $
81   112 231 354 475 596 713 833 1066 1181 1308 1426 1545 1665 1786
       1906 2027 2148 2265 2518 2637 2885 3006 3124 3246 3365 3486
       3607 3725 3844 3966 4086 4207 4328 4448 4568 4688 4808 4929
       5051 5173 5295 5412 5531 5650 5904 6024 6145 6262 6381 6503
       6625 6742 6863 6981 7100 7219 7336 7372 7373 $
82   0 121 329 363 571 689 808 924 1041 1074 1283 1401 1520 1640 1761
       1881 1915 2123 2156 2408 2527 2862 2894 3015 3222 3254 3375
       3495 3616 3735 3856 3975 4182 4216 4337 4457 4577 4698 4817
       4939 5148 5270 5390 5507 5626 5879 5912 6120 6237 6271 6391
       6599 6633 6751 6873 6989 7109 7229 $
83   1 122 253 361 489 602 732 902 963 1076 1194 1377 1496 1563 1684
       1804 1917 2154 2406 2525 2783 2892 3013 3136 3256 3373 3497
       3614 3733 3855 3977 4101 4214 4335 4455 4575 4696 4815 4937
       5062 5183 5305 5421 5541 5794 5914 6035 6159 6273 6393 6574
       6635 6753 6871 6987 7111 7227 7408 $
84   2 123 244 364 486 605 723 842 962 1073 1197 1376 1495 1553 1680
       1794 1914 2040 2157 2409 2528 2780 2895 3016 3139 3253 3376
       3494 3617 3736 3854 3974 4098 4217 4338 4458 4578 4699 4818
       4940 5065 5186 5308 5424 5544 5797 5911 6038 6156 6270 6390
       6573 6632 6750 6874 6990 7108 7230 $
85   3 239 365 482 606 718 864 955 1072 1198 1554 1679 1795 1912 2044
       2158 2309 2410 2529 2681 2776 2897 3018 3144 3252 3377 3493
       3618 3737 3853 3973 4094 4218 4339 4459 4579 4700 4819 4941
       5069 5190 5313 5429 5549 5694 5801 5910 6042 6152 6268 6389
       6530 6631 6749 6875 6991 7107 7342 $
86   8 127 255 368 496 615 734 849 968 1080 1209 1317 1434 1565 1686
       1806 1921 2047 2161 2413 2532 2788 2900 3021 3148 3259 3380
       3500 3621 3740 3859 3980 4106 4221 4342 4462 4582 4703 4822
       4944 5074 5197 5317 5433 5553 5804 5917 6046 6164 6277 6397
       6512 6639 6757 6878 6994 7115 7233 $
87   39 158 284 400 525 644 763 876 997 1112 1237 1349 1468 1594 1715
       1835 1952 2077 2192 2444 2564 2817 2932 3052 3177 3291 3411
       3532 3652 3771 3890 4011 4136 4253 4373 4493 4613 4733 4854
       4976 5103 5225 5345 5462 5581 5833 5949 6074 6192 6308 6429
       6546 6669 6789 6909 7026 7146 7435 $
88   44 163 248 405 491 608 727 958 1116 1200 1354 1473 1556 1677 1797
       1957 2036 2197 2449 2569 2785 2937 3056 3134 3296 3416 3537
       3657 3776 3895 4016 4103 4258 4378 4498 4618 4738 4859 4981
       5060 5181 5303 5419 5539 5792 5954 6033 6160 6313 6434 6551
       6674 6794 6914 7031 7151 7267 7430 $
89   54 173 297 415 538 657 776 890 1009 1126 1250 1364 1483 1607 1728
       1848 1967 2090 2207 2459 2579 2830 2947 3066 3190 3306 3426
       3547 3667 3786 3905 4026 4149 4268 4388 4508 4628 4748 4869
       4991 5116 5238 5358 5475 5594 5846 5964 6087 6204 6323 6444
       6561 6684 6804 6924 7041 7161 7277 $
90   66 185 308 429 549 668 787 904 1020 1191 1261 1379 1498 1618 1739
       1859 1981 2101 2219 2472 2592 2841 2961 3078 3201 3320 3440
       3561 3679 3798 3919 4040 4160 4282 4402 4522 4642 4762 4883
       5005 5127 5249 5369 5486 5605 5857 5978 6098 6215 6335 6457
       6576 6817 6937 7055 7173 7290 7406 $
91   69 188 311 432 552 790 905 1022 1138 1264 1381 1500 1621 1742
       1862 1984 2104 2222 2475 2595 2844 2964 3081 3204 3323 3443
       3564 3682 3801 3922 4043 4163 4285 4405 4525 4645 4765 4886
       5008 5130 5252 5372 5489 5608 5860 5981 6101 6218 6338 6460
       6579 6700 6820 6940 7058 7176 7293 7404 $
92   71 190 312 434 553 671 791 906 1023 1140 1265 1382 1501 1622 1743
       1863 1986 2105 2224 2477 2597 2845 2966 3083 3205 3324 3445
       3566 3684 3803 3924 4045 4164 4287 4407 4527 4647 4767 4888
       5010 5131 5253 5373 5490 5609 5861 5983 6102 6219 6340 6462
       6580 6702 6822 6941 7059 7178 7295 $
93   72 191 313 435 554 672 792 907 1024 1141 1266 1383 1502 1623 1744
       1864 1987 2106 2225 2478 2598 2846 2967 3084 3206 3325 3446
       3567 3685 3804 3925 4046 4165 4288 4408 4528 4648 4768 4889
       5011 5132 5254 5374 5491 5610 5862 5984 6103 6220 6341 6463
       6581 6703 6823 6942 7060 7179 7296 $
94   77 196 251 440 558 676 795 911 1028 1146 1270 1387 1506 1627 1748
       1868 1992 2110 2230 2483 2603 2850 2972 3089 3210 3330 3451
       3572 3690 3809 3930 4051 4169 4293 4413 4533 4653 4773 4894
       5016 5135 5257 5378 5495 5614 5866 5989 6107 6224 6346 6468
       6585 6707 6828 6947 7065 7184 7301 $
95   97 216 337 460 579 697 816 932 1049 1166 1291 1409 1528 1648 1769
       1889 2012 2131 2250 2503 2623 2870 2992 3109 3230 3350 3471
       3592 3710 3829 3950 4071 4190 4313 4433 4553 4673 4793 4914
       5036 5156 5278 5398 5515 5634 5887 6009 6128 6245 6366 6488
       6607 6727 6848 6967 7085 7204 7321 $
96   99 218 339 462 581 699 818 934 1051 1168 1293 1411 1530 1650 1771
       1891 2014 2133 2252 2505 2625 2872 2994 3111 3232 3352 3473
       3594 3712 3831 3952 4073 4192 4315 4435 4555 4675 4795 4916
       5038 5158 5280 5400 5517 5636 5889 6011 6130 6247 6368 6490
       6609 6729 6850 6969 7087 7206 7323 $
97   102 221 344 465 586 704 823 841 1056 1171 1298 1415 1534 1655
       1776 1896 2017 2138 2255 2508 2628 2876 2997 3114 3237 3355
       3476 3597 3715 3834 3955 4076 4197 4318 4438 4558 4678 4798
       4919 5041 5163 5285 5403 5522 5641 5894 6014 6135 6252 6371
       6493 6614 6732 6853 6972 7090 7209 7326 $
98   103 222 245 466 487 724 938 966 1172 1203 1416 1535 1559 1674
       1800 2018 2039 2256 2509 2629 2781 2998 3115 3138 3356 3477
       3598 3716 3835 3956 4077 4099 4319 4439 4559 4679 4799 4920
       5042 5064 5185 5307 5423 5543 5796 6015 6037 6157 6372 6494
       6615 6733 6854 6973 7091 7210 7327 7380 $
99   110 229 352 473 594 711 831 946 1064 1179 1306 1424 1543 1663
       1784 1904 2025 2146 2263 2516 2635 2883 3004 3122 3244 3363
       3484 3605 3723 3842 3963 4084 4205 4326 4446 4566 4686 4806
       4927 5049 5171 5293 5410 5529 5648 5902 6022 6143 6260 6379
       6501 6623 6740 6861 6979 7098 7217 7334 $
100  4 120 341 362 583 701 820 935 1053 1075 1295 1412 1531 1652 1773
       1893 1916 2135 2155 2407 2526 2873 2893 3014 3234 3255 3374
       3496 3615 3734 3852 3976 4194 4215 4336 4456 4576 4697 4816
       4938 5160 5282 5519 5638 5891 5913 6132 6249 6272 6392 6611
       6634 6752 6872 6988 7110 7228 $
101  9 128 256 369 497 616 735 850 969 1081 1210 1318 1435 1566 1687
       1807 1922 2048 2162 2414 2533 2789 2901 3022 3149 3260 3381
       3501 3622 3741 3860 3981 4107 4222 4343 4463 4583 4823 4945
       5075 5198 5318 5434 5554 5805 5918 6047 6165 6278 6398 6513
       6640 6758 6879 6995 7116 7234 $
102  30 149 243 391 485 607 722 869 957 1103 1199 1340 1459 1555 1678
       1796 1943 2041 2183 2435 2555 2779 2923 3043 3140 3282 3402
       3523 3643 3762 3881 4002 4097 4244 4364 4484 4604 4724 4845
       4967 5066 5187 5309 5425 5545 5798 5940 6039 6155 6299 6420
       6662 6780 6900 7017 7137 7255 $
103  36 155 281 397 522 641 760 874 994 1109 1234 1346 1465 1591 1712
       1832 1949 2074 2189 2441 2561 2814 2929 3049 3174 3288 3408
       3529 3649 3768 3887 4008 4133 4250 4370 4490 4610 4730 4851
       4973 5100 5222 5342 5459 5578 5830 5946 6071 6189 6305 6426
       6543 6786 6906 7023 7143 7261 $
104  41 160 286 402 527 646 765 878 998 1188 1239 1351 1470 1596 1717
       1837 1954 2079 2194 2446 2566 2819 2934 3179 3293 3413 3534
       3654 3773 3892 4013 4138 4255 4375 4495 4615 4735 4856 4978
       5105 5227 5347 5464 5583 5835 5951 6076 6193 6310 6431 6548
       6671 6791 6911 7028 7148 7264 $
105  100 219 342 463 584 702 821 936 1054 1169 1296 1413 1532 1653
       1774 1894 2015 2136 2253 2506 2626 2874 2995 3112 3235 3353
       3474 3595 3713 3832 3953 4074 4195 4316 4436 4556 4676 4796
       4917 5039 5161 5283 5520 5639 5892 6012 6133 6250 6369 6491
       6612 6730 6851 6970 7088 7207 7324 $
106  40 159 285 401 526 645 764 877 1113 1238 1350 1469 1595 1716 1836
       1953 2078 2193 2445 2565 2818 2933 3053 3178 3292 3412 3533
       3653 3772 3891 4012 4137 4254 4374 4494 4614 4734 4855 4977
       5104 5226 5346 5463 5582 5834 5950 6075 6309 6430 6547 6670
       6790 6910 7027 7147 7434 $
107  67 186 309 430 550 669 788 1192 1262 1380 1499 1619 1740 1860
       1982 2102 2220 2473 2593 2842 2962 3079 3202 3321 3441 3562
       3680 3799 3920 4041 4161 4283 4403 4523 4643 4763 4884 5006
       5128 5250 5370 5487 5606 5858 5979 6099 6216 6336 6458 6577
       6698 6818 6938 7056 7174 7291 $
108  114 233 356 477 598 715 835 950 1068 1183 1310 1428 1547 1667
       1788 1908 2029 2150 2267 2887 3008 3126 3248 3367 3488 3609
       3727 3846 3968 4088 4209 4330 4450 4570 4690 4810 4931 5053
       5175 5297 5414 5533 5652 5906 6026 6147 6264 6383 6505 6627
       6744 6865 7102 7221 7338 7370 $
109  61 180 250 424 493 729 898 961 1135 1201 1372 1491 1557 1676 1798
       1976 2034 2360 2467 2587 2732 2956 3073 3133 3315 3435 3556
       3674 3914 4035 4104 4277 4397 4517 4637 4757 4878 5000 5058
       5179 5301 5418 5537 5746 5790 5973 6031 6161 6452 6569 6693
       6812 6932 7050 7413 $
110  68 187 310 431 551 670 789 1021 1193 1263 1620 1741 1861 1983
       2103 2221 2474 2594 2843 2963 3080 3203 3322 3442 3563 3681
       3800 3921 4042 4162 4284 4404 4524 4644 4764 4885 5007 5129
       5251 5371 5488 5607 5859 5980 6100 6217 6337 6459 6578 6699
       6819 6939 7057 7175 7292 $
111  108 227 350 471 592 829 944 1062 1177 1304 1422 1541 1661 1782
       1902 2023 2144 2261 2514 2881 3120 3242 3361 3482 3603 3721
       3840 3961 4082 4203 4324 4444 4564 4684 4804 4925 5047 5169
       5291 5408 5527 5646 5900 6020 6141 6258 6377 6499 6621 6738
       6859 7096 7215 7332 7446 $
112  73 192 242 436 484 603 721 964 1142 1195 1551 1682 1792 1988 2042
       2226 2479 2599 2778 2968 3085 3141 3326 3447 3568 3686 3805
       3926 4047 4096 4289 4409 4529 4649 4769 4890 5012 5067 5188
       5310 5426 5546 5799 5985 6040 6154 6342 6464 6704 6824 6943
       7061 7180 7297 $
113  119 238 271 512 631 750 984 1187 1225 1452 1581 1702 1822 2033
       2063 2523 2642 2804 3012 3130 3164 3371 3492 3613 3731 3850
       3972 4092 4122 4334 4454 4574 4694 4814 4935 5057 5090 5213
       5333 5449 5569 5820 6030 6062 6180 6387 6509 6748 6869 6986
       7106 7225 7343 7348 $
114  302 422 543 662 781 896 1014 1133 1255 1370 1489 1612 1733 1853
       1974 2095 2213 2350 2722 2835 2954 3131 3195 3313 3433 3554
       3792 3912 4033 4154 4275 4395 4515 4755 4876 4998 5121 5243
       5363 5480 5599 5736 5851 5971 6092 6209 6329 6567 6691 7048
       7284 7415 $
115  21 139 252 381 494 731 860 1093 1329 1447 1683 1934 2174 2426
       2545 2786 2913 3034 3272 3393 3513 3634 3753 3872 3993 4234
       4355 4475 4595 4715 4835 4957 5072 5930 6290 6410 6525 6652
       6770 6891 7007 7128 7246 7353 $
116  16 118 134 376 613 1088 1324 1442 1929 2169 2319 2421 2540 2691
       2908 3029 3267 3388 3508 3629 3748 3867 3988 4229 4350 4470
       4590 4710 4830 4952 5704 5925 6285 6405 6520 6647 6765 6886
       7002 7123 7241 7357 $
117  55 174 416 1127 1365 1484 1968 2208 2366 2460 2580 2738 2948 3067
       3307 3427 3548 3668 3787 3906 4027 4269 4389 4509 4629 4749
       4870 4992 5752 5965 6324 6445 6562 6685 6805 6925 7042 7162
       7278 7420 $
118  5 124 249 360 492 611 728 845 956 1077 1205 1338 1456 1561 1672
       1802 1918 2035 2405 2524 2891 3372 4213 4695 4936 5059 5180
       5302 5538 5791 6032 6274 6394 6636 6754 6870 7112 7445 $
119  70 189 433 1139 1985 2223 2327 2476 2596 2699 2965 3082 3444 3565
       3683 3802 3923 4044 4286 4406 4526 4646 4766 4887 5009 5713
       5982 6339 6461 6701 6821 7177 7294 $
120  317 559 677 796 912 1029 1271 1388 1507 1628 1749 1869 2111 2271
       3132 3145 3851 4170 5136 5258 5314 5430 5550 5867 6108 6225
       6388 6586 7226 7344 $
121  421 895 1132 1973 2465 2585 2953 3312 3432 3553 3911 4032 4274
       4394 4514 4634 4754 4875 4997 5194 5195 5970 6450 6690 6810
       6930 7047 7167 7283 $
122  240 481 610 719 844 960 1204 1560 1673 1801 1913 2045 2775 2896
       3017 3143 4093 5070 5191 5312 5428 5548 5802 6043 6151 6269 $
123  348 590 708 827 942 1060 1302 1420 1539 1659 1780 1900 2142 3146
       4201 5167 5289 5315 5431 5551 5898 6139 6256 6619 $
124  340 582 700 819 1052 1294 1651 1772 1892 2134 3233 4193 5159 5281
       5401 5518 5637 5890 6131 6248 6610 $
125  2277 2390 2398 2648 2761 2769 5661 5776 5784 $
126  2331 2396 2397 2703 2767 2768 5717 5782 5783 $
127  2386 2393 2757 2764 5772 5773 5779 $
128  2284 2336 2656 2708 5669 5722 $
129  2332 2391 2704 2762 5718 5777 $
130  390 4966 6661 7016 $
131  2272 2643 5656 $
132  2273 2644 5657 $
133  2278 2649 5662 $
134  2280 2652 5665 $
135  2281 2653 5666 $
136  2283 2655 5668 $
137  2285 2657 5670 $
138  2290 2662 5675 $
139  2291 2663 5676 $
140  2293 2665 5678 $
141  2294 2666 5679 $
142  2295 2667 5680 $
143  2297 2669 5682 $
144  2302 2674 5687 $
145  2304 2676 5689 $
146  2305 2677 5690 $
147  2306 2678 5691 $
148  2310 2682 5695 $
149  2315 2687 5700 $
150  2318 2690 5703 $
151  2321 2693 5706 $
152  2324 2696 5709 $
153  2325 2697 5711 $
154  2326 2698 5712 $
155  2328 2700 5714 $
156  2330 2702 5716 $
157  2333 2705 5719 $
158  2334 2706 5720 $
159  2335 2707 5721 $
160  2337 2709 5723 $
161  2353 2725 5739 $
162  2357 2729 5743 $
163  2358 2730 5744 $
164  2359 2731 5745 $
165  2367 2739 5753 $
166  2368 2740 5754 $
167  2369 2741 5755 $
168  2372 2744 5758 $
169  2373 2745 5759 $
170  2374 2746 5760 $
171  2376 2748 5762 $
172  2377 2749 5763 $
173  2379 2751 5765 $
174  2381 2752 5767 $
175  2382 2753 5768 $
176  2383 2754 5769 $
177  2384 2755 5770 $
178  2385 2756 5771 $
179  2394 2765 5780 $
180  2401 2772 5787 $
181  2650 5663 7410 $
182  237 855 $
183  1457 6535 $
184  2068 4127 $
185  2380 5766 $
186  7403 7405 $
187  148 $
188  948 $
189  1102 $
190  1334 $
191  2554 $
192  2922 $
193  3281 $
194  3522 $
195  3732 $
196  3965 $
197  4243 $
198  4635 $
199  4844 $
200  5710 $
201  5939 $
202  6419 $
203  6534 $
204  6537 $
205  6597 $
206  6598 $
207  6779 $
208  7360 $
209  7378 $
210  7433 $
211  7436 $
212  7444 $
)
